unique_id::uuid.UUID                 galaxy_id::numpy.int64 mass::numpy.float64 spin::numpy.float64    spin_angle::numpy.float64 orb_a::numpy.float64 orb_inc::numpy.float64 orb_ecc::numpy.float64 orb_ang_mom::numpy.float64 orb_arg_periapse::numpy.float64 migration_velocity::numpy.float64 parent_unique_id::uuid.UUID          parent_unique_id_2::uuid.UUID        gen::numpy.int64 time::numpy.float64 progenitor_unique_id::uuid.UUID      gw_freq::numpy.float64 gw_strain::numpy.float64 gw_char_strain::numpy.float64 
f6fadf61-6584-4dcc-a38e-efeec055a210 0                      16.31639255269591   0.12208034013418706    0.1530340414633483        6.0                  3.1232747604931648     0.99999999             -1.0                       0.0                             0.0                               00000000-0000-0000-0000-000000000000 00000000-0000-0000-0000-000000000000 1                690000.0            00000000-0000-0000-0000-000000000000 4.2947928239401014e-05 4.868656051288769e-18    -1.0                         
419e6cad-d5d1-4917-be59-8fedad9edcfd 2                      11.980619322467218  0.002740526836112499   1.3874690502229032        6.0                  0.0                    0.01                   -1.0                       0.0                             0.0                               00000000-0000-0000-0000-000000000000 00000000-0000-0000-0000-000000000000 1                690000.0            00000000-0000-0000-0000-000000000000 4.2947927308338766e-05 3.5749026369728746e-18   -1.0                         
b24d7544-0b78-4a10-9c37-5c0cee82a3c7 2                      23.76383069399628   0.10022959774880376    1.4893265284659152        6.0                  0.0                    0.01                   -1.0                       0.0                             0.0                               00000000-0000-0000-0000-000000000000 00000000-0000-0000-0000-000000000000 1                690000.0            00000000-0000-0000-0000-000000000000 4.294792983866091e-05  7.090900622577281e-18    -1.0                         
4aea7ffb-4320-47c6-b622-20065fa893d7 2                      17.244842637982973  -0.02086076644133861   1.9012400370640739        6.0                  0.0                    0.01                   -1.0                       0.0                             0.0                               00000000-0000-0000-0000-000000000000 00000000-0000-0000-0000-000000000000 1                690000.0            00000000-0000-0000-0000-000000000000 4.2947928438776015e-05 5.145696709109024e-18    -1.0                         
65a1537c-f7a0-4938-9797-63a1de9e7d8b 2                      25.35602637773418   0.005691263637034611   0.28039893882995653       6.0                  0.0                    0.01                   -1.0                       0.0                             0.0                               00000000-0000-0000-0000-000000000000 00000000-0000-0000-0000-000000000000 1                690000.0            00000000-0000-0000-0000-000000000000 4.2947930180568374e-05 7.565996641837102e-18    -1.0                         
8a181bf3-721b-42ca-840d-2b84108a2604 2                      16.916299899831678  0.0032401293139274253  1.0801696438834176        6.0                  0.0                    0.01                   -1.0                       0.0                             0.0                               00000000-0000-0000-0000-000000000000 00000000-0000-0000-0000-000000000000 1                690000.0            00000000-0000-0000-0000-000000000000 4.294792836822488e-05  5.0476626868800764e-18   -1.0                         
40c8a592-c2c5-4844-b8ca-ae712a7ef473 2                      31.16899107443046   0.05620894945078889    0.5127472573871728        3.2814586473289205   0.0                    0.01                   1.0                        0.0                             0.0                               00000000-0000-0000-0000-000000000000 00000000-0000-0000-0000-000000000000 1                690000.0            00000000-0000-0000-0000-000000000000 0.00010618635740011711 1.700560192122764e-17    9.511777950930792e-18        
828dd191-b985-475a-90e7-6fe40a4c959c 6                      27.28848093074457   0.07566872523190932    0.6731210463585988        6.0                  3.140473319287418      0.01                   -1.0                       1.5707963267948966              0.0                               00000000-0000-0000-0000-000000000000 00000000-0000-0000-0000-000000000000 1                690000.0            00000000-0000-0000-0000-000000000000 4.294793059554288e-05  8.142622665204013e-18    -1.0                         
f20f9a78-d956-4b3e-b734-a7adcc49265c 7                      10.286041930656406  -0.06300441286646878   2.2928916216106106        6.0                  3.1074198549254497     0.99999999             -1.0                       0.0                             0.0                               00000000-0000-0000-0000-000000000000 00000000-0000-0000-0000-000000000000 1                690000.0            00000000-0000-0000-0000-000000000000 4.294792694444587e-05  3.06925689166665e-18     -1.0                         
11c914d3-0feb-44c2-9745-6933120c863f 7                      12.11731834643227   0.05443894352025878    3.0876182311159006        1.0                  2.3679375027269423     0.9999991357194334     -1.0                       0.0                             0.0                               00000000-0000-0000-0000-000000000000 00000000-0000-0000-0000-000000000000 1                690000.0            00000000-0000-0000-0000-000000000000 0.0006312030449248643  2.1694153938335702e-17   2.7894880073321655e-17       
f795eeb3-748e-4167-980e-b3e3d21c5b15 7                      32.70802969261126   -0.036256742382360485  1.621272013969272         6.0                  3.1411434525738904     0.01                   -1.0                       1.5707963267948966              0.0                               00000000-0000-0000-0000-000000000000 00000000-0000-0000-0000-000000000000 1                690000.0            00000000-0000-0000-0000-000000000000 4.294793175933457e-05  9.759764370363419e-18    -1.0                         
340fe228-eada-4b7d-99f4-52d679ded082 9                      33.31822005312401   -0.12475423501114741   1.9643561772976688        6.0                  0.0                    0.01                   -1.0                       0.0                             0.0                               00000000-0000-0000-0000-000000000000 00000000-0000-0000-0000-000000000000 1                690000.0            00000000-0000-0000-0000-000000000000 4.294793189036659e-05  9.941839359154832e-18    -1.0                         
16411760-e672-4473-9d1a-0858a8805d85 11                     13.336182050271418  0.019604034311284324   0.7433130961671803        6.0                  0.0                    0.99999999             -1.0                       0.0                             0.0                               00000000-0000-0000-0000-000000000000 00000000-0000-0000-0000-000000000000 1                690000.0            00000000-0000-0000-0000-000000000000 4.2947927599431776e-05 3.979389637166737e-18    -1.0                         
04bee1b8-68d5-456b-a8db-4226d3c8af15 13                     15.658746222803213  -0.040285699505452584  1.7510603631082353        6.0                  0.0                    0.01                   -1.0                       0.0                             0.0                               00000000-0000-0000-0000-000000000000 00000000-0000-0000-0000-000000000000 1                690000.0            00000000-0000-0000-0000-000000000000 4.29479280981783e-05   4.6724206534642115e-18   -1.0                         
daf25d74-2631-4560-a59f-e78bc5c740cc 15                     13.51558062392473   0.026765550804246613   1.6618587816234294        46.70611645341178    0.0                    0.01                   1.0                        0.0                             0.0                               00000000-0000-0000-0000-000000000000 00000000-0000-0000-0000-000000000000 1                690000.0            00000000-0000-0000-0000-000000000000 1.9774633884481625e-06 1.29520096131172e-22     9.623432357111328e-19        
00c8be28-341f-4e0f-9aae-23c9925ae630 19                     12.483248415875844  0.10526895151358001    0.4515783989387343        47.939801981814355   3.167200494221074      0.5642908163412442     -1.0                       0.0                             0.0                               00000000-0000-0000-0000-000000000000 00000000-0000-0000-0000-000000000000 1                690000.0            00000000-0000-0000-0000-000000000000 1.9016243608458414e-06 1.1654874075432323e-22   9.375864194105467e-19        
f0f2a3f3-d170-4be6-b02c-f97135572516 19                     11.068572569230884  -0.06457224048271466   1.7573775034958368        6.0                  3.133859292718052      0.99999999             -1.0                       0.0                             0.0                               00000000-0000-0000-0000-000000000000 00000000-0000-0000-0000-000000000000 1                690000.0            00000000-0000-0000-0000-000000000000 4.2947927112486195e-05 3.302756577121631e-18    -1.0                         
899a58d1-f3c7-48b7-a45a-df6130d243bd 20                     23.315156381071944  0.025605915383344377   0.4919170463043648        6.0                  3.091555938747408      0.99999999             -1.0                       0.0                             0.0                               00000000-0000-0000-0000-000000000000 00000000-0000-0000-0000-000000000000 1                690000.0            00000000-0000-0000-0000-000000000000 4.2947929742312775e-05 6.95702048322528e-18     -1.0                         
2ca193c2-82dc-4d5d-a13b-8a57edf9f899 20                     12.41849594238835   0.17478708697576695    0.6327759416354648        6.0                  3.115575209705789      0.99999999             -1.0                       0.0                             0.0                               00000000-0000-0000-0000-000000000000 00000000-0000-0000-0000-000000000000 1                690000.0            00000000-0000-0000-0000-000000000000 4.294792740236822e-05  3.70556084762892e-18     -1.0                         
f210a3c3-7b73-4e98-ae63-68997e587ce4 21                     28.25777557143099   -0.11639325050260373   1.7728044428834198        6.0                  2.6986086860166414     0.99999999             -1.0                       0.0                             0.0                               00000000-0000-0000-0000-000000000000 00000000-0000-0000-0000-000000000000 1                690000.0            00000000-0000-0000-0000-000000000000 4.294793080368882e-05  8.431850949128819e-18    -1.0                         
a47b5ac6-815c-490d-8822-1009ec5a3425 22                     16.667428469686033  0.18775463969175404    1.428054892713216         35.0878467672244     0.0                    0.01                   1.0                        0.0                             0.0                               00000000-0000-0000-0000-000000000000 00000000-0000-0000-0000-000000000000 1                690000.0            00000000-0000-0000-0000-000000000000 3.0369246632360845e-06 2.12612155573237e-22     1.006981236185078e-18        
7de154ea-55f4-4af5-9dc0-31ec1782fddb 25                     11.996903956861136  -0.0023496854141853694 2.624827128195613         6.0                  3.1406156361961295     0.01                   -1.0                       1.5707963267948966              0.0                               00000000-0000-0000-0000-000000000000 00000000-0000-0000-0000-000000000000 1                690000.0            00000000-0000-0000-0000-000000000000 4.294792731183572e-05  3.57976181669222e-18     -1.0                         
3d9a39ec-6c10-4cb7-aaeb-3a1a1ecfcbcd 26                     10.54807924085835   0.14309349134529872    1.7623992798489971        26.191950946875576   2.6655189371534087     0.9997357095437395     -1.0                       0.0                             0.0                               00000000-0000-0000-0000-000000000000 00000000-0000-0000-0000-000000000000 1                690000.0            00000000-0000-0000-0000-000000000000 4.7088765916302326e-06 1.8025268531964159e-22   7.511126792640194e-19        
83174751-45b1-451c-a715-65f2e5971504 26                     10.392554104437263  -0.06666355365529894   2.557402324504206         6.0                  0.0                    0.01                   -1.0                       0.0                             0.0                               00000000-0000-0000-0000-000000000000 00000000-0000-0000-0000-000000000000 1                690000.0            00000000-0000-0000-0000-000000000000 4.294792696731825e-05  3.101039109319192e-18    -1.0                         
8169fd00-0825-4550-bb47-992708d88f45 27                     10.072706559447127  0.015592661988569944   2.6232084011483425        49.80957854069502    0.0                    0.01                   1.0                        0.0                             0.0                               00000000-0000-0000-0000-000000000000 00000000-0000-0000-0000-000000000000 1                690000.0            00000000-0000-0000-0000-000000000000 1.795559414209277e-06  9.051270070715649e-23    8.397623260416993e-19        
b697647c-232b-4ba4-8a8f-e50ca7162bb1 28                     16.321261994180265  -0.18369135064479633   1.8623295025996716        6.0                  2.88806073347045       0.99999999             -1.0                       0.0                             0.0                               00000000-0000-0000-0000-000000000000 00000000-0000-0000-0000-000000000000 1                690000.0            00000000-0000-0000-0000-000000000000 4.294792824044668e-05  4.8701090462245445e-18   -1.0                         
b5c45ac4-c700-4f50-a296-ee5fea8c8d62 28                     12.292612062751132  0.10265458789267415    0.7340893409455234        6.0                  0.0                    0.01                   -1.0                       0.0                             0.0                               00000000-0000-0000-0000-000000000000 00000000-0000-0000-0000-000000000000 1                690000.0            00000000-0000-0000-0000-000000000000 4.294792737533597e-05  3.667998297550767e-18    -1.0                         
b413fbcc-6453-40f7-9752-a8e280372298 29                     16.67161508260621   -0.054076255650535504  2.888614328766562         6.0                  3.1019048678101107     0.99999999             -1.0                       0.0                             0.0                               00000000-0000-0000-0000-000000000000 00000000-0000-0000-0000-000000000000 1                690000.0            00000000-0000-0000-0000-000000000000 4.294792831568135e-05  4.974651069134557e-18    -1.0                         
78aa2189-ad28-4e90-9628-5e3309e6dc16 30                     13.524642284187692  -0.0357754787400075    2.1283246977971078        6.0                  3.139617058185226      0.99999999             -1.0                       0.0                             0.0                               00000000-0000-0000-0000-000000000000 00000000-0000-0000-0000-000000000000 1                690000.0            00000000-0000-0000-0000-000000000000 4.294792763990165e-05  4.035624375042795e-18    -1.0                         
16bf6d9d-3fa2-4143-a848-2a05a056432b 30                     10.34812551424312   0.09952406348090038    2.8002230395042225        4.168581994065938    0.0                    0.01                   1.0                        0.0                             0.0                               00000000-0000-0000-0000-000000000000 00000000-0000-0000-0000-000000000000 1                690000.0            00000000-0000-0000-0000-000000000000 7.416287527955558e-05  4.444363161067226e-18    2.3026110854375014e-18       
0e117140-1ec4-4218-81b0-505beeb70fa4 32                     12.142219024477892  0.047895518056239754   0.7539064276476214        48.616150987003195   0.0                    0.01                   1.0                        0.0                             0.0                               00000000-0000-0000-0000-000000000000 00000000-0000-0000-0000-000000000000 1                690000.0            00000000-0000-0000-0000-000000000000 1.8620795351922258e-06 1.1178761711503951e-22   9.185521262058888e-19        
dd40ef16-e5ca-4e8a-85c3-5910c59e49be 33                     20.593313647948452  -0.13947866200392678   1.7105133115909832        6.0                  2.8860872757655316     0.99999999             -1.0                       0.0                             0.0                               00000000-0000-0000-0000-000000000000 00000000-0000-0000-0000-000000000000 1                690000.0            00000000-0000-0000-0000-000000000000 4.294792915782535e-05  6.1448485493569346e-18   -1.0                         
df526c86-550d-4502-a39a-3ddb8a3cf026 35                     39.76286562871728   0.06202149810434985    2.8961459140955617        21.734833933418344   0.0                    0.01                   1.0                        0.0                             0.0                               00000000-0000-0000-0000-000000000000 00000000-0000-0000-0000-000000000000 1                690000.0            00000000-0000-0000-0000-000000000000 6.229234150364914e-06  8.188371869729431e-22    1.5217400809048563e-18       
838f42a7-f8d5-4f22-af5d-b2e53396bf8a 35                     24.608874949423974  -0.014993877882278095  2.0060949148218175        6.0                  0.0                    0.01                   -1.0                       0.0                             0.0                               00000000-0000-0000-0000-000000000000 00000000-0000-0000-0000-000000000000 1                690000.0            00000000-0000-0000-0000-000000000000 4.294793002012538e-05  7.343053775580157e-18    -1.0                         
485c0540-3c18-4b6c-822b-39e87b24e580 38                     10.78559025630068   -0.09063202883857535   3.0671539133638435        6.0                  2.9548517226670357     0.99999999             -1.0                       0.0                             0.0                               00000000-0000-0000-0000-000000000000 00000000-0000-0000-0000-000000000000 1                690000.0            00000000-0000-0000-0000-000000000000 4.294792705171869e-05  3.2183173516123324e-18   -1.0                         
eb9054c3-c631-4593-a988-48bace3b3d19 38                     27.6988522222016    -0.19020660178073545   2.796144400062161         6.0                  3.1063987400821893     0.99999999             -1.0                       0.0                             0.0                               00000000-0000-0000-0000-000000000000 00000000-0000-0000-0000-000000000000 1                690000.0            00000000-0000-0000-0000-000000000000 4.294793068366584e-05  8.265073547957343e-18    -1.0                         
4d71df79-cbb0-49ef-81f9-d41c0e022e02 39                     11.216971164612886  0.045221506706283825   0.2054577884404753        6.0                  3.0372789266996794     0.99999999             -1.0                       0.0                             0.0                               00000000-0000-0000-0000-000000000000 00000000-0000-0000-0000-000000000000 1                690000.0            00000000-0000-0000-0000-000000000000 4.2947927144353255e-05 3.3470373038249097e-18   -1.0                         
41417dc8-1371-4d2f-aedd-aa101d7708ca 41                     12.066431366974426  0.12500111110193687    0.6058559617906776        6.0                  0.0                    0.01                   -1.0                       0.0                             0.0                               00000000-0000-0000-0000-000000000000 00000000-0000-0000-0000-000000000000 1                690000.0            00000000-0000-0000-0000-000000000000 4.294792732676601e-05  3.600508133311245e-18    -1.0                         
2b202942-6a1c-4c34-91e1-0b6dba9e8a5a 42                     31.02206196641628   0.029321319180277878   1.1761478223052897        6.0                  2.1649262354959253     0.99999999             -1.0                       0.0                             0.0                               00000000-0000-0000-0000-000000000000 00000000-0000-0000-0000-000000000000 1                690000.0            00000000-0000-0000-0000-000000000000 4.294793139729056e-05  9.256687667231483e-18    -1.0                         
99fcb58b-ef17-4a0c-85eb-dba100237332 44                     10.762838681847303  0.10573095790273881    2.436767687804195         46.12437637223057    3.1499305935779076     0.3154185352652355     -1.0                       0.0                             0.0                               00000000-0000-0000-0000-000000000000 00000000-0000-0000-0000-000000000000 1                690000.0            00000000-0000-0000-0000-000000000000 2.014991977390932e-06  1.0444136326163592e-22   8.622314557229081e-19        
45b7fd93-5c34-4637-93b6-169a74acd0bf 46                     22.72497904406335   0.04347977562888216    0.0                       32.94722120423039    0.0                    0.01                   1.0                        0.0                             0.0                               00000000-0000-0000-0000-000000000000 00000000-0000-0000-0000-000000000000 1                690000.0            00000000-0000-0000-0000-000000000000 3.337650983021257e-06  3.087172578789513e-22    1.164346708284887e-18        
bb2e7937-7c85-4b39-871f-44407b71b1d6 46                     38.395107715906526  -0.0728141152475078    2.063818053032067         6.0                  0.0                    0.01                   -1.0                       0.0                             0.0                               00000000-0000-0000-0000-000000000000 00000000-0000-0000-0000-000000000000 1                690000.0            00000000-0000-0000-0000-000000000000 4.2947932980575345e-05 1.1456734257723293e-17   -1.0                         
609e058f-170d-40c7-8c83-efc387455cbe 46                     33.05801551387635   -0.1996426519686315    2.3915115132543603        6.0                  3.0769885878843906     0.99999999             -1.0                       0.0                             0.0                               00000000-0000-0000-0000-000000000000 00000000-0000-0000-0000-000000000000 1                690000.0            00000000-0000-0000-0000-000000000000 4.294793183449038e-05  9.864196804252487e-18    -1.0                         
3a4e8e03-740d-48b3-9a02-35c77260a67c 47                     12.065770205878742  -0.009988720930170806  2.6417803337527315        6.0                  3.015465596887519      0.99999999             -1.0                       0.0                             0.0                               00000000-0000-0000-0000-000000000000 00000000-0000-0000-0000-000000000000 1                690000.0            00000000-0000-0000-0000-000000000000 4.2947927326624026e-05 3.600310849140801e-18    -1.0                         
5c6b9810-decd-4e06-933a-1cbb7279007e 49                     21.364071676842876  0.013829568278679245   0.16813467532114257       6.0                  3.0168635365131253     0.99999999             -1.0                       0.0                             0.0                               00000000-0000-0000-0000-000000000000 00000000-0000-0000-0000-000000000000 1                690000.0            00000000-0000-0000-0000-000000000000 4.294792932333763e-05  6.374835400270022e-18    -1.0                         
08871a43-2197-4131-a9c0-01ef8a353e19 52                     16.115806403024695  0.12017696444297014    0.556554649435521         35.54981118962853    0.0                    0.01                   1.0                        0.0                             0.0                               00000000-0000-0000-0000-000000000000 00000000-0000-0000-0000-000000000000 1                690000.0            00000000-0000-0000-0000-000000000000 2.9779208208144667e-06 2.029041601678531e-22    9.927140525194885e-19        
acff1d7a-1bdf-4d26-bd56-07fa4f9ce898 52                     19.23167308923215   0.0326949056358626     1.0324405729455488        6.0                  3.014802275192882      0.99999999             -1.0                       0.0                             0.0                               00000000-0000-0000-0000-000000000000 00000000-0000-0000-0000-000000000000 1                690000.0            00000000-0000-0000-0000-000000000000 4.29479288654272e-05   5.7385479823373616e-18   -1.0                         
638d3d2d-3ae4-46d9-b479-1c704dc877b3 52                     11.524448461997196  0.027059302508152555   0.8377118194279609        6.0                  0.0                    0.01                   -1.0                       0.0                             0.0                               00000000-0000-0000-0000-000000000000 00000000-0000-0000-0000-000000000000 1                690000.0            00000000-0000-0000-0000-000000000000 4.294792721038081e-05  3.438785599271301e-18    -1.0                         
8e6dd3c5-052c-477a-8219-69660ac7ee6b 52                     16.053842592377098  0.037925033352480556   0.9616724268441402        6.0                  0.0                    0.01                   -1.0                       0.0                             0.0                               00000000-0000-0000-0000-000000000000 00000000-0000-0000-0000-000000000000 1                690000.0            00000000-0000-0000-0000-000000000000 4.294792818302113e-05  4.7903136450893894e-18   -1.0                         
6f684847-1b84-4cd9-ba59-e45b937455c1 53                     11.812139644955348  0.02719312229000101    0.8723245968484092        6.0                  0.0                    0.01                   -1.0                       0.0                             0.0                               00000000-0000-0000-0000-000000000000 00000000-0000-0000-0000-000000000000 1                690000.0            00000000-0000-0000-0000-000000000000 4.29479272721595e-05   3.5246299067239415e-18   -1.0                         
e9675c48-484a-4580-9faa-10805748e793 54                     13.86809053048873   -0.016226548623613446  2.315959227818689         6.0                  2.8577106005796433     0.99999999             -1.0                       0.0                             0.0                               00000000-0000-0000-0000-000000000000 00000000-0000-0000-0000-000000000000 1                690000.0            00000000-0000-0000-0000-000000000000 4.29479277136536e-05   4.1381060588621635e-18   -1.0                         
61d4a18a-cf25-47e3-b221-4349711ae82e 59                     11.156019797664026  0.10647758262888139    1.2450085597749951        6.0                  3.1181954555449365     0.99999999             -1.0                       0.0                             0.0                               00000000-0000-0000-0000-000000000000 00000000-0000-0000-0000-000000000000 1                690000.0            00000000-0000-0000-0000-000000000000 4.2947927131264584e-05 3.3288499967610764e-18   -1.0                         
d4ecc09f-0d0b-4f32-b9c4-83e1427fced4 59                     37.93949027272621   0.16546149464216567    0.24997083344101423       6.0                  2.5881037372883595     0.99999999             -1.0                       0.0                             0.0                               00000000-0000-0000-0000-000000000000 00000000-0000-0000-0000-000000000000 1                690000.0            00000000-0000-0000-0000-000000000000 4.294793288273624e-05  1.1320782354467192e-17   -1.0                         
e0443b0c-6cd8-42ca-872b-f436d1f9b219 61                     14.627593495469377  -0.016917857110433695  1.807656690285002         6.0                  0.0                    0.01                   -1.0                       0.0                             0.0                               00000000-0000-0000-0000-000000000000 00000000-0000-0000-0000-000000000000 1                690000.0            00000000-0000-0000-0000-000000000000 4.294792787674897e-05  4.364734505958075e-18    -1.0                         
5c3278c5-0d36-4d35-bdb0-190f57d29f30 62                     12.38874191558398   0.09227152809455644    1.0379778346453943        1.0                  0.0                    0.01                   1.0                        0.0                             0.0                               00000000-0000-0000-0000-000000000000 00000000-0000-0000-0000-000000000000 1                690000.0            00000000-0000-0000-0000-000000000000 0.000631203045781481   2.218009517742211e-17    2.827376463154719e-17        
4e01c631-2057-4894-bf50-48a50c92c8a3 63                     28.058707525509696  -0.07028952702907464   1.8955397465163102        6.0                  2.757397514761499      0.99999999             -1.0                       0.0                             0.0                               00000000-0000-0000-0000-000000000000 00000000-0000-0000-0000-000000000000 1                690000.0            00000000-0000-0000-0000-000000000000 4.294793076094102e-05  8.372450941237201e-18    -1.0                         
82a601f6-110c-4813-ae7b-f8de70521f6e 64                     20.688083815825717  0.10900367912708962    1.9931196119653016        27.5253468749958     2.852916890671088      0.9993359370365928     -1.0                       0.0                             0.0                               00000000-0000-0000-0000-000000000000 00000000-0000-0000-0000-000000000000 1                690000.0            00000000-0000-0000-0000-000000000000 4.370890260667611e-06  3.364059547938278e-22    1.0745759959212758e-18       
a2734771-b0c2-4980-aae6-dfab4d894955 65                     10.50996940033562   0.08664412452624726    1.15997974819626          6.0                  3.138674428096702      0.99999999             -1.0                       0.0                             0.0                               00000000-0000-0000-0000-000000000000 00000000-0000-0000-0000-000000000000 1                690000.0            00000000-0000-0000-0000-000000000000 4.294792699253197e-05  3.1360747147107124e-18   -1.0                         
936d98cc-0c4c-4158-afbf-761b6a640ac3 65                     10.420433735962133  -0.01847726080574041   2.6285376836988927        1.762964977871969    0.0                    0.0                    1.0                        0.0                             0.0                               00000000-0000-0000-0000-000000000000 00000000-0000-0000-0000-000000000000 1                690000.0            00000000-0000-0000-0000-000000000000 0.00026965194312199075 1.0582257156718666e-17   9.1001792211634e-18          
b03656d6-5ba2-4f61-a2f5-a9654c0a20b7 67                     17.584333221095577  0.12077780335567344    0.4039171409454371        6.0                  0.0                    0.01                   -1.0                       0.0                             0.0                               00000000-0000-0000-0000-000000000000 00000000-0000-0000-0000-000000000000 1                690000.0            00000000-0000-0000-0000-000000000000 4.294792851167809e-05  5.246997463947365e-18    -1.0                         
709fce1d-8157-435f-a107-a1efff89e7fa 68                     20.932680659699958  0.07490998299811599    1.3579796409125404        6.0                  0.0                    0.01                   -1.0                       0.0                             0.0                               00000000-0000-0000-0000-000000000000 00000000-0000-0000-0000-000000000000 1                690000.0            00000000-0000-0000-0000-000000000000 4.2947929230700884e-05 6.246112431678689e-18    -1.0                         
2d4ad076-055f-4544-b4f5-cac08eed8aff 70                     36.59641022737521   0.08384338465487526    1.4620067148230793        6.0                  3.1201221215291812     0.99999999             -1.0                       0.0                             0.0                               00000000-0000-0000-0000-000000000000 00000000-0000-0000-0000-000000000000 1                690000.0            00000000-0000-0000-0000-000000000000 4.2947932594323795e-05 1.0920020067764124e-17   -1.0                         
02016878-6dac-4943-911d-cf07964baa79 71                     13.677922397135712  0.058333596846247615   1.1347321718128038        6.0                  3.139979758563254      0.99999999             -1.0                       0.0                             0.0                               00000000-0000-0000-0000-000000000000 00000000-0000-0000-0000-000000000000 1                690000.0            00000000-0000-0000-0000-000000000000 4.294792767281696e-05  4.081361700069539e-18    -1.0                         
610fcfdf-dca1-4e22-988b-0bc08e7747ce 71                     11.020010144266728  -0.11012103083763314   1.762177273503742         6.0                  3.0943826445056692     0.99999999             -1.0                       0.0                             0.0                               00000000-0000-0000-0000-000000000000 00000000-0000-0000-0000-000000000000 1                690000.0            00000000-0000-0000-0000-000000000000 4.294792710205792e-05  3.288266012286088e-18    -1.0                         
3f7afee4-ab71-4d84-a1ae-d3303dd58b53 71                     14.469725312196617  -0.10619746215344002   2.699246233108718         6.0                  0.0                    0.99999999             -1.0                       0.0                             0.0                               00000000-0000-0000-0000-000000000000 00000000-0000-0000-0000-000000000000 1                690000.0            00000000-0000-0000-0000-000000000000 4.294792784284841e-05  4.31762814446827e-18     -1.0                         
2bcac93e-0684-40b2-b0fe-96d44c0741f8 73                     10.171097486525834  0.059729002861763865   0.2612073967647582        10.58171905616097    0.0                    0.01                   1.0                        0.0                             0.0                               00000000-0000-0000-0000-000000000000 00000000-0000-0000-0000-000000000000 1                690000.0            00000000-0000-0000-0000-000000000000 1.8337272579368992e-05 4.302172287114888e-22    8.040435577760849e-19        
dc4e0286-82bd-4e09-bfa4-4f864c50a165 74                     11.228319508188473  0.014691655351014167   1.1656662800182702        6.0                  0.0                    0.01                   -1.0                       0.0                             0.0                               00000000-0000-0000-0000-000000000000 00000000-0000-0000-0000-000000000000 1                690000.0            00000000-0000-0000-0000-000000000000 4.294792714679019e-05  3.3504235414042613e-18   -1.0                         
eb2753b7-78a4-475b-9450-a6b62cbe4bae 78                     11.83429079307847   0.011962108646779322   0.2720551040199508        6.0                  0.0                    0.01                   -1.0                       0.0                             0.0                               00000000-0000-0000-0000-000000000000 00000000-0000-0000-0000-000000000000 1                690000.0            00000000-0000-0000-0000-000000000000 4.294792727691623e-05  3.531239598235368e-18    -1.0                         
751fd232-35be-4a32-b3a7-55d51998845c 79                     12.521115603475613  0.262884756923216      1.319950314548654         6.0                  0.0                    0.99999999             -1.0                       0.0                             0.0                               00000000-0000-0000-0000-000000000000 00000000-0000-0000-0000-000000000000 1                690000.0            00000000-0000-0000-0000-000000000000 4.294792742440472e-05  3.736181576587242e-18    -1.0                         
23ffce94-cf76-4916-8d5d-3b9a3510f4ae 79                     27.283177178197043  0.10253515036526716    0.9835277821561221        6.0                  0.0                    0.01                   -1.0                       0.0                             0.0                               00000000-0000-0000-0000-000000000000 00000000-0000-0000-0000-000000000000 1                690000.0            00000000-0000-0000-0000-000000000000 4.294793059440395e-05  8.141040075985738e-18    -1.0                         
e8b438cd-cb00-4bc5-9f71-0338ac42de7a 82                     11.990161565574219  0.015731865999789783   0.0                       34.97996527686417    0.0                    0.01                   1.0                        0.0                             0.0                               00000000-0000-0000-0000-000000000000 00000000-0000-0000-0000-000000000000 1                690000.0            00000000-0000-0000-0000-000000000000 3.0509846589254954e-06 1.534199615293742e-22    8.517101290746399e-19        
4b6c4ebb-ae48-4f08-9925-20a16d40581c 83                     14.63187252612417   0.07943932212166432    1.2747103569714777        6.0                  0.0                    0.01                   -1.0                       0.0                             0.0                               00000000-0000-0000-0000-000000000000 00000000-0000-0000-0000-000000000000 1                690000.0            00000000-0000-0000-0000-000000000000 4.294792787766784e-05  4.366011327928609e-18    -1.0                         
649605b5-3483-4a6d-b432-c25f3bb12261 86                     37.42620372575366   -0.02188632887120171   2.2650215119527948        6.0                  0.0                    0.01                   -1.0                       0.0                             0.0                               00000000-0000-0000-0000-000000000000 00000000-0000-0000-0000-000000000000 1                690000.0            00000000-0000-0000-0000-000000000000 4.294793277251331e-05  1.116762254019501e-17    -1.0                         
f859872a-4822-4eda-bfb2-ab77ab4d6c5c 86                     17.49524020359809   -0.189518705346652     1.6152464148213588        6.0                  0.0                    0.01                   -1.0                       0.0                             0.0                               00000000-0000-0000-0000-000000000000 00000000-0000-0000-0000-000000000000 1                690000.0            00000000-0000-0000-0000-000000000000 4.294792849254629e-05  5.2204129565346e-18      -1.0                         
95a11087-3db9-40a4-a9a9-6095123f0da2 86                     26.068857127280545  -0.18022291279064762   2.2624986252949313        6.0                  0.0                    0.01                   -1.0                       0.0                             0.0                               00000000-0000-0000-0000-000000000000 00000000-0000-0000-0000-000000000000 1                690000.0            00000000-0000-0000-0000-000000000000 4.2947930333641356e-05 7.77869854460851e-18     -1.0                         
eeac1a54-6464-4be3-af8c-d8cf3efb8040 88                     30.55252094884537   0.05300536496358689    0.0770923451190913        6.0                  2.909090019501881      0.99999999             -1.0                       0.0                             0.0                               00000000-0000-0000-0000-000000000000 00000000-0000-0000-0000-000000000000 1                690000.0            00000000-0000-0000-0000-000000000000 4.2947931296461505e-05 9.116581102061398e-18    -1.0                         
a9de5d9c-f27a-4baa-ae01-17c4cb8d6e86 88                     14.516693895033669  0.00791989276168501    0.8226476157191963        6.0                  0.0                    0.01                   -1.0                       0.0                             0.0                               00000000-0000-0000-0000-000000000000 00000000-0000-0000-0000-000000000000 1                690000.0            00000000-0000-0000-0000-000000000000 4.2947927852934425e-05 4.331643122001539e-18    -1.0                         
ce00df7e-f9fd-461e-83b3-965c915d6fb6 91                     10.523251683071353  -0.05244797456403042   1.5919690752689948        6.0                  0.0                    0.01                   -1.0                       0.0                             0.0                               00000000-0000-0000-0000-000000000000 00000000-0000-0000-0000-000000000000 1                690000.0            00000000-0000-0000-0000-000000000000 4.29479269953842e-05   3.140038021306051e-18    -1.0                         
b79e74b0-b0fe-4a48-9a82-a5df5a0526bd 91                     33.98656993865591   0.05806939566311428    0.6692039661858042        6.0                  0.0                    0.01                   -1.0                       0.0                             0.0                               00000000-0000-0000-0000-000000000000 00000000-0000-0000-0000-000000000000 1                690000.0            00000000-0000-0000-0000-000000000000 4.294793203388778e-05  1.014126859598301e-17    -1.0                         
27aad24a-f345-49d1-9b56-3dca4df62403 92                     30.506680664678647  -0.06816360444809906   1.9499173124154143        6.0                  3.127643145356565      0.99999999             -1.0                       0.0                             0.0                               00000000-0000-0000-0000-000000000000 00000000-0000-0000-0000-000000000000 1                690000.0            00000000-0000-0000-0000-000000000000 4.294793128661778e-05  9.102902798099275e-18    -1.0                         
1aa0888f-d07f-4deb-9767-37583e88e7cc 92                     16.225994146360023  -0.13363163589673635   2.7487271060837504        6.0                  3.127765024150982      0.99999999             -1.0                       0.0                             0.0                               00000000-0000-0000-0000-000000000000 00000000-0000-0000-0000-000000000000 1                690000.0            00000000-0000-0000-0000-000000000000 4.294792821998889e-05  4.841682028286279e-18    -1.0                         
c1f3bdd2-1e27-4a7f-a8bb-b51251055da4 92                     10.883179069328584  0.07714002332757099    1.3831157839653996        6.0                  3.139529201247153      0.01                   -1.0                       1.5707963267948966              0.0                               00000000-0000-0000-0000-000000000000 00000000-0000-0000-0000-000000000000 1                690000.0            00000000-0000-0000-0000-000000000000 4.2947927072674874e-05 3.247436923451017e-18    -1.0                         
8119194d-99ec-44f9-848d-6c6796f6263a 93                     30.77536653735929   0.17357839637468173    1.5056197600807908        6.0                  0.0                    0.01                   -1.0                       0.0                             0.0                               00000000-0000-0000-0000-000000000000 00000000-0000-0000-0000-000000000000 1                690000.0            00000000-0000-0000-0000-000000000000 4.2947931344315275e-05 9.183076102075482e-18    -1.0                         
f3504bda-7ad8-49a1-9a62-3f63eeb48e32 94                     19.03389137324447   0.0007704801726859175  0.8727897969166916        43.508069659185054   3.132961325013752      0.9993519191329258     -1.0                       0.0                             0.0                               00000000-0000-0000-0000-000000000000 00000000-0000-0000-0000-000000000000 1                690000.0            00000000-0000-0000-0000-000000000000 2.1994514375051334e-06 1.9580959972011371e-22   1.1323077529560415e-18       
ac416f02-5519-45d4-a3ec-983e1d98e4fb 94                     14.483620586212478  0.06109705690185699    0.8482078645406695        6.0                  0.0                    0.01                   -1.0                       0.0                             0.0                               00000000-0000-0000-0000-000000000000 00000000-0000-0000-0000-000000000000 1                690000.0            00000000-0000-0000-0000-000000000000 4.294792784583228e-05  4.321774361820123e-18    -1.0                         
1005502f-d550-419d-b5c9-e1445e70557b 95                     37.26868270711145   0.2671051129248888     0.15791810179950527       34.70135926410624    0.0                    0.01                   1.0                        0.0                             0.0                               00000000-0000-0000-0000-000000000000 00000000-0000-0000-0000-000000000000 1                690000.0            00000000-0000-0000-0000-000000000000 3.087801756908575e-06  4.806996039269886e-22    1.516529664055432e-18        
3888c2a1-201e-4ede-9dac-18b0b105ec2b 96                     32.9714417812225    0.12294216279563089    1.101672261023031         6.0                  2.519781625112168      0.99999999             -1.0                       0.0                             0.0                               00000000-0000-0000-0000-000000000000 00000000-0000-0000-0000-000000000000 1                690000.0            00000000-0000-0000-0000-000000000000 4.294793181589958e-05  9.838364027429637e-18    -1.0                         
a18758a5-c991-49f7-9805-85314e111050 98                     12.106582307334204  0.01350160793433701    1.0107122973989384        6.0                  3.1265030798912576     0.99999999             -1.0                       0.0                             0.0                               00000000-0000-0000-0000-000000000000 00000000-0000-0000-0000-000000000000 1                690000.0            00000000-0000-0000-0000-000000000000 4.2947927335388004e-05 3.6124887912977585e-18   -1.0                         
