unique_id::uuid.UUID                 galaxy_id::numpy.int64 mass::numpy.float64 spin::numpy.float64   spin_angle::numpy.float64 orb_a::numpy.float64 orb_inc::numpy.float64 orb_ecc::numpy.float64 orb_ang_mom::numpy.float64 orb_arg_periapse::numpy.float64 migration_velocity::numpy.float64 parent_unique_id::uuid.UUID          parent_unique_id_2::uuid.UUID        gen::numpy.int64 time::numpy.float64 progenitor_unique_id::uuid.UUID      gw_freq::numpy.float64 gw_strain::numpy.float64 gw_char_strain::numpy.float64 
055f24ce-6284-4298-a950-ddaeff369186 0                      13.000146707765635  0.17972866495220827   3.05812                   50080.98252942417    0.0                    0.15760964175110792    0.0                        0.0                             0.0                               00000000-0000-0000-0000-000000000000 00000000-0000-0000-0000-000000000000 1                4990000.0           52fc61ae-7af3-4561-adcc-3dd9f3e2f524 -1.0                   -1.0                     -1.0                         
1536b2da-f5c5-4875-8fbf-e72222332d60 0                      13.78727970415394   0.17128737416743495   1.4906617570330807        50090.90085439262    0.0                    0.5893156832151646     0.0                        0.0                             0.0                               00000000-0000-0000-0000-000000000000 00000000-0000-0000-0000-000000000000 1                4990000.0           034a8958-5f9e-407a-aff7-a14ce0a5c326 -1.0                   -1.0                     -1.0                         
cd6cfeea-1eed-409b-848a-d17626100425 1                      34.054711543868095  0.03919361573305372   1.3422080571219097        50201.403604499654   0.0                    0.19661072876181737    0.0                        0.0                             0.0                               00000000-0000-0000-0000-000000000000 00000000-0000-0000-0000-000000000000 1                4990000.0           736b26ea-4e17-40cb-b5ac-065510498052 -1.0                   -1.0                     -1.0                         
febdd661-3956-4e00-9b0b-baa52132993d 1                      35.67004003336586   0.24995669993589584   3.09302                   50076.92790946764    0.0                    0.6014119782624855     0.0                        0.0                             0.0                               00000000-0000-0000-0000-000000000000 00000000-0000-0000-0000-000000000000 1                4990000.0           d014f921-b3d3-48f5-a65f-737cb986765b -1.0                   -1.0                     -1.0                         
389c6283-cc44-489e-b55a-3b94d3d525a0 2                      216.64964842803894  0.3294326303999987    0.0                       50350.67763866519    0.0                    0.3838333245645954     0.0                        0.0                             0.0                               00000000-0000-0000-0000-000000000000 00000000-0000-0000-0000-000000000000 7                4990000.0           af2bb49b-1802-43cf-a756-3616b0fa0fdb -1.0                   -1.0                     -1.0                         
3ea96177-647e-49fd-b229-bac54becb230 3                      12.838878978247084  0.005259793733888445  0.9533757557586486        50011.501218383826   0.0                    0.35715339351214975    0.0                        0.0                             0.0                               00000000-0000-0000-0000-000000000000 00000000-0000-0000-0000-000000000000 1                4990000.0           b7233462-d94e-4991-87a8-f9bca5d48046 -1.0                   -1.0                     -1.0                         
53f0936a-58c4-49d0-9c3f-45f906905f87 4                      17.246447247308257  0.2815632329288999    1.7757389247865738        50151.62619080891    0.0                    0.026131979442922993   0.0                        0.0                             0.0                               00000000-0000-0000-0000-000000000000 00000000-0000-0000-0000-000000000000 1                4990000.0           6217288c-a20a-4d99-b504-bccd5c01c612 -1.0                   -1.0                     -1.0                         
9471c5f7-af5a-41d0-85af-c05251217563 4                      16.765816118769663  0.2649816306114631    2.714735230930504         50193.24236376172    0.0                    0.8481230704693141     0.0                        0.0                             0.0                               00000000-0000-0000-0000-000000000000 00000000-0000-0000-0000-000000000000 1                4990000.0           ca6973e3-1be1-4db5-8c55-91e51cd3b553 -1.0                   -1.0                     -1.0                         
0389682a-2d35-4773-87a9-a5e37e69184f 4                      72.51344187119885   0.7822948095211912    0.0                       50281.49589403769    0.0                    0.6364621776535331     0.0                        0.0                             0.0                               00000000-0000-0000-0000-000000000000 00000000-0000-0000-0000-000000000000 3                4990000.0           9d116ee5-2803-4b09-bed1-1b7cfb9d0674 -1.0                   -1.0                     -1.0                         
19d059cb-348a-4261-973b-54c75656ea54 5                      34.120485164862274  0.12253307363588528   1.523110499538216         50109.95702043732    0.0                    0.5829115055894165     0.0                        0.0                             0.0                               00000000-0000-0000-0000-000000000000 00000000-0000-0000-0000-000000000000 1                4990000.0           8a93dba5-c46d-4269-b6ea-a34ad6e8e3a6 -1.0                   -1.0                     -1.0                         
b3680a54-327e-4002-bead-ef566317948b 5                      35.13634187911453   0.18102162356510232   2.4879158630350737        50009.71944828029    0.0                    0.21023009293956071    0.0                        0.0                             0.0                               00000000-0000-0000-0000-000000000000 00000000-0000-0000-0000-000000000000 1                4990000.0           1fe5cd35-68a8-437f-ba68-6f5211fa63cb -1.0                   -1.0                     -1.0                         
a035b8bd-74a3-4f59-801b-719680734b65 5                      47.633642215026136  0.6259280674932687    0.0                       50019.40503759198    0.0                    0.4900899163498528     0.0                        0.0                             0.0                               00000000-0000-0000-0000-000000000000 00000000-0000-0000-0000-000000000000 2                4990000.0           ada7c6ec-91ea-40eb-856e-d06e7c84f890 -1.0                   -1.0                     -1.0                         
9f1ae7e6-1e8b-44fe-91c2-969760a2d632 5                      91.15814300511718   0.3945823706723213    0.0                       50134.964807345496   0.0                    0.6763974259460228     0.0                        0.0                             0.0                               00000000-0000-0000-0000-000000000000 00000000-0000-0000-0000-000000000000 3                4990000.0           1e5841ec-3f61-4428-9136-cc0f69ca7fa8 -1.0                   -1.0                     -1.0                         
004d38d6-f980-4a02-871d-597737e20efb 6                      35.467869156925964  0.22955035402403612   3.07208                   50092.06752169502    0.0                    0.8703364918288324     0.0                        0.0                             0.0                               00000000-0000-0000-0000-000000000000 00000000-0000-0000-0000-000000000000 1                4990000.0           9900c395-459f-44ec-bcbe-ce59fe40f9d2 -1.0                   -1.0                     -1.0                         
9fc30ee2-0aa5-43a3-a59f-fe95ef5f271b 6                      124.68129379950402  0.3272410298492312    0.0                       50001.07947662083    0.0                    0.028675391209274783   0.0                        0.0                             0.0                               00000000-0000-0000-0000-000000000000 00000000-0000-0000-0000-000000000000 5                4990000.0           21d7a914-18ed-4c28-a86e-93a3bc0b092c -1.0                   -1.0                     -1.0                         
8cd8661a-c006-468e-95ba-a53171dccca5 7                      23.855070108280163  0.21995260505090225   3.03718                   50080.426159391616   0.0                    0.8045396603620043     0.0                        0.0                             0.0                               00000000-0000-0000-0000-000000000000 00000000-0000-0000-0000-000000000000 1                4990000.0           bc62eb20-23e7-4285-aee7-7744952f5479 -1.0                   -1.0                     -1.0                         
394ab100-199b-48ee-9f7e-9ed7d25c6d49 7                      36.597120399007416  0.10561005913680774   1.5813224731419775        50009.32479888602    0.0                    0.28500556745934585    0.0                        0.0                             0.0                               00000000-0000-0000-0000-000000000000 00000000-0000-0000-0000-000000000000 1                4990000.0           5c19abd9-239c-46aa-bb8f-6aaf1791fff5 -1.0                   -1.0                     -1.0                         
62e9cda6-034b-488c-9a8e-50a5bf6f0358 7                      27.549471279661226  0.05190779973472871   1.6192823647173318        50117.17319816912    0.0                    0.33874093883140355    0.0                        0.0                             0.0                               00000000-0000-0000-0000-000000000000 00000000-0000-0000-0000-000000000000 1                4990000.0           2f519942-3345-42ef-ada4-13b071a553ad -1.0                   -1.0                     -1.0                         
f6a670c4-368b-4d80-a930-f23f111e2905 7                      25.98900966750136   0.08721940500098943   1.396376892556069         50217.00815241781    0.0                    0.21260428651081112    0.0                        0.0                             0.0                               00000000-0000-0000-0000-000000000000 00000000-0000-0000-0000-000000000000 1                4990000.0           760b8fdf-0f2c-4659-afa4-bf804ea06b0b -1.0                   -1.0                     -1.0                         
7493a6e3-3a13-4813-9491-da2b663e5d22 7                      87.96863676125548   0.8455806755240628    0.0                       50122.51829858645    0.0                    0.6261687751378866     0.0                        0.0                             0.0                               00000000-0000-0000-0000-000000000000 00000000-0000-0000-0000-000000000000 4                4990000.0           8894bda2-5496-4004-b585-7b0b79a04dc9 -1.0                   -1.0                     -1.0                         
b4a513b3-5b26-4a43-a4a8-7755bbe23213 8                      48.11986101896324   0.48127064550650017   0.0                       50202.2647736915     0.0                    0.2989386654482218     0.0                        0.0                             0.0                               00000000-0000-0000-0000-000000000000 00000000-0000-0000-0000-000000000000 2                4990000.0           bcb69cb4-6704-4a33-aa1e-eff2b24f91e0 -1.0                   -1.0                     -1.0                         
e181c7ed-3fe0-441c-a73d-8d88febe1040 8                      122.97394433905887  0.24762969479577537   0.0                       50350.19702543755    0.0                    0.3664220538864563     0.0                        0.0                             0.0                               00000000-0000-0000-0000-000000000000 00000000-0000-0000-0000-000000000000 6                4990000.0           46bfc529-d6f8-4310-8940-e9d2d82e08e9 -1.0                   -1.0                     -1.0                         
3f10a157-66a9-4646-bf5b-82b6683c54cf 9                      23.30777500733168   0.07164585673608471   1.0664999325676334        50087.514655578496   0.0                    0.44074275481407177    0.0                        0.0                             0.0                               00000000-0000-0000-0000-000000000000 00000000-0000-0000-0000-000000000000 1                4990000.0           3d828893-604e-4613-a856-05ed4f00844b -1.0                   -1.0                     -1.0                         
dcb1051e-1a5e-4f84-b27d-3b9f14d8767c 9                      36.584961485248506  0.28415994527644467   2.8563045172353796        50226.59541016558    0.0                    0.8550725589208923     0.0                        0.0                             0.0                               00000000-0000-0000-0000-000000000000 00000000-0000-0000-0000-000000000000 1                4990000.0           344eebe6-66ac-4c9e-9c44-dc0502ffcbe0 -1.0                   -1.0                     -1.0                         
8f740eed-5582-427a-9d44-67ab251dee1c 9                      54.62328479678265   0.538042166514727     0.0                       50008.414489393195   0.0                    0.1304042212460306     0.0                        0.0                             0.0                               00000000-0000-0000-0000-000000000000 00000000-0000-0000-0000-000000000000 3                4990000.0           e81987dc-a150-4b8f-a53c-20d1a304e971 -1.0                   -1.0                     -1.0                         
435227d2-61a3-4df4-9485-10b7d35a7034 10                     36.837777646821884  0.20679897450623538   0.923904579846426         50190.1826710427     0.0                    0.23510811021542466    0.0                        0.0                             0.0                               00000000-0000-0000-0000-000000000000 00000000-0000-0000-0000-000000000000 1                4990000.0           ea6c72fc-9446-475a-bb76-8f8c733f36fe -1.0                   -1.0                     -1.0                         
f095aa09-c890-46e6-a029-261ffcdd919a 11                     29.24346183148341   0.11717440227210982   2.560292637763306         50116.32291689964    0.0                    0.18746652317990892    0.0                        0.0                             0.0                               00000000-0000-0000-0000-000000000000 00000000-0000-0000-0000-000000000000 1                4990000.0           2fa4d7f9-c145-460b-b4e4-a979e09e825e -1.0                   -1.0                     -1.0                         
af07e71b-55b5-429a-867f-a0b04ca62afa 12                     53.98950230754181   0.600839254591294     0.0                       50187.43768832253    0.0                    0.15221119803800395    0.0                        0.0                             0.0                               00000000-0000-0000-0000-000000000000 00000000-0000-0000-0000-000000000000 2                4990000.0           ddc1bf7c-7fb6-4c09-adb8-0383ed909197 -1.0                   -1.0                     -1.0                         
76a1259a-cd72-43b5-8cf9-ae3a20938307 13                     35.80902292493097   0.0056574958598213255 1.1755672751424562        50123.498821355395   0.0                    0.5289645684852983     0.0                        0.0                             0.0                               00000000-0000-0000-0000-000000000000 00000000-0000-0000-0000-000000000000 1                4990000.0           77908f98-a674-4d90-b28e-52db7f7e1960 -1.0                   -1.0                     -1.0                         
85a9140b-0424-471f-b9ab-485c79f18ad5 13                     35.44642719161598   0.024508163583970535  1.2952245016350585        50096.46972056645    0.0                    0.5968073611090912     0.0                        0.0                             0.0                               00000000-0000-0000-0000-000000000000 00000000-0000-0000-0000-000000000000 1                4990000.0           376e7c82-d2c2-43f2-b6e4-a2338f195b65 -1.0                   -1.0                     -1.0                         
00ed3daf-ab7f-49a8-8c66-571825212c75 13                     16.303431535871574  0.36978146697909814   3.0651                    50024.928244960785   0.0                    0.5887215365603488     0.0                        0.0                             0.0                               00000000-0000-0000-0000-000000000000 00000000-0000-0000-0000-000000000000 1                4990000.0           b7af105d-1f6b-412a-a3ee-891c27762a7b -1.0                   -1.0                     -1.0                         
5038dfc8-ad3b-47d7-b2c5-bce8386d151e 15                     83.01957653700875   0.6808221321298228    0.0                       50036.090028720275   0.0                    0.26275873815152967    0.0                        0.0                             0.0                               00000000-0000-0000-0000-000000000000 00000000-0000-0000-0000-000000000000 4                4990000.0           da0a6d54-0021-4e57-8b56-6c4762de9111 -1.0                   -1.0                     -1.0                         
34c99e9d-b11e-4c53-b5da-6d7dcb712d47 16                     34.87791395575807   0.13782203386214498   1.1520296563724872        50180.89761495191    0.0                    0.6966513168662032     0.0                        0.0                             0.0                               00000000-0000-0000-0000-000000000000 00000000-0000-0000-0000-000000000000 1                4990000.0           3d6e0283-4624-4746-9d1c-beb39c3c3d0a -1.0                   -1.0                     -1.0                         
b776c468-14ff-46a9-a37a-f66d47f3af1e 16                     34.830866758978885  0.12888055331376289   2.608237015161617         50123.385278305985   0.0                    0.3143344642238035     0.0                        0.0                             0.0                               00000000-0000-0000-0000-000000000000 00000000-0000-0000-0000-000000000000 1                4990000.0           dbd6163d-8a51-4a0b-bcdd-926e340a5c94 -1.0                   -1.0                     -1.0                         
94be2ec7-7063-46dd-b501-33441ac036b2 16                     60.613333831126916  0.632123508189669     0.0                       50211.278494082355   0.0                    0.1820682944242341     0.0                        0.0                             0.0                               00000000-0000-0000-0000-000000000000 00000000-0000-0000-0000-000000000000 2                4990000.0           c6fe9f74-52fe-49c2-9cd2-4c1748126c48 -1.0                   -1.0                     -1.0                         
c886c19e-e065-4968-b9a5-d7d74a8bd43b 16                     30.224157205671307  0.26440798505309737   3.0651                    50146.204060178505   0.0                    0.15041289376940287    0.0                        0.0                             0.0                               00000000-0000-0000-0000-000000000000 00000000-0000-0000-0000-000000000000 1                4990000.0           026eb502-9786-42c8-8e88-ccbdc303a5a9 -1.0                   -1.0                     -1.0                         
27ebde8d-af93-47f4-9bd3-a6e77c1d4aca 17                     33.67351855444338   0.17773468599690048   2.7251105378529084        50077.624352982006   0.0                    0.604201015135018      0.0                        0.0                             0.0                               00000000-0000-0000-0000-000000000000 00000000-0000-0000-0000-000000000000 1                4990000.0           17b13496-b115-425a-a719-00983208df6d -1.0                   -1.0                     -1.0                         
da13f351-33c2-452a-a860-13857529ca8e 18                     49.8779402450315    0.49008472470934616   0.0                       50236.03919803328    0.0                    0.01798302910767228    0.0                        0.0                             0.0                               00000000-0000-0000-0000-000000000000 00000000-0000-0000-0000-000000000000 2                4990000.0           83bc8ecc-8c9e-468e-ba22-2c7f86a347e7 -1.0                   -1.0                     -1.0                         
c1c36bc5-e3d8-4465-a2d8-30194dc2064e 19                     93.6662582357604    0.4257877631120468    0.0                       50112.94459543563    0.0                    0.628393844718091      0.0                        0.0                             0.0                               00000000-0000-0000-0000-000000000000 00000000-0000-0000-0000-000000000000 5                4990000.0           0e8c6b9c-1932-4aed-9407-57c691094712 -1.0                   -1.0                     -1.0                         
5bd534c0-0970-402f-8fa6-ea49803c30c1 19                     30.15249740026685   0.6473475171431159    0.0                       50167.04849474795    0.0                    0.39146286023110244    0.0                        0.0                             0.0                               00000000-0000-0000-0000-000000000000 00000000-0000-0000-0000-000000000000 2                4990000.0           a83c8358-dd88-4679-ba97-2d088d5a3fa1 -1.0                   -1.0                     -1.0                         
6ffe68f7-a456-4d3d-a31b-e9f6dc1010bb 20                     121.10639252599486  0.8457971606847258    0.0                       50217.46771552685    0.0                    0.21148074317067517    0.0                        0.0                             0.0                               00000000-0000-0000-0000-000000000000 00000000-0000-0000-0000-000000000000 6                4990000.0           0f6a2031-4ae9-4624-b223-9791b7f8e1c7 -1.0                   -1.0                     -1.0                         
3aca5cb7-a9fc-4095-acc8-35d11f0d7df4 21                     13.751938084546172  0.04016869319145424   1.0288070844321904        50138.197717318144   0.0                    0.2543273538239676     0.0                        0.0                             0.0                               00000000-0000-0000-0000-000000000000 00000000-0000-0000-0000-000000000000 1                4990000.0           3cab9d87-cb31-4b81-a7de-5b5853c79424 -1.0                   -1.0                     -1.0                         
6ca54b41-8e1f-4db6-8bf0-4838a08e2a5a 22                     40.90973819614617   0.24415676861072488   3.04416                   50174.74815701594    0.0                    0.39155142600750326    0.0                        0.0                             0.0                               00000000-0000-0000-0000-000000000000 00000000-0000-0000-0000-000000000000 1                4990000.0           e769ebb9-37d8-4acd-8b9d-13761aa2fab9 -1.0                   -1.0                     -1.0                         
b08a95b8-db2b-4790-8868-a7f9baa30a55 23                     16.541548954533006  0.04727964349385187   1.643793484518543         50100.29739150607    0.0                    0.46447355748966446    0.0                        0.0                             0.0                               00000000-0000-0000-0000-000000000000 00000000-0000-0000-0000-000000000000 1                4990000.0           db56ecb3-c656-481f-87df-331a42867ef9 -1.0                   -1.0                     -1.0                         
3750e7a0-2320-471a-be48-ad0bf2d8e23c 23                     20.228794059975126  0.08485131046646008   1.989365022430026         50050.26390830776    0.0                    0.0785299619535355     0.0                        0.0                             0.0                               00000000-0000-0000-0000-000000000000 00000000-0000-0000-0000-000000000000 1                4990000.0           1d2da0a8-8675-4be9-8fee-7715b8ae49c1 -1.0                   -1.0                     -1.0                         
481ef215-5acd-479a-9121-dd96552ff735 24                     83.69151460114871   0.7157386750319917    0.0                       50190.16870249086    0.0                    0.5605401725753438     0.0                        0.0                             0.0                               00000000-0000-0000-0000-000000000000 00000000-0000-0000-0000-000000000000 3                4990000.0           6d2dcbc8-bd91-4cc3-a84d-5d3e8b5707c9 -1.0                   -1.0                     -1.0                         
56f08ce0-413c-457b-a6cd-2261efdebd23 25                     11.963185141464537  0.06877602981736966   1.8467170432082234        50109.17221223182    0.0                    0.08056710147754301    0.0                        0.0                             0.0                               00000000-0000-0000-0000-000000000000 00000000-0000-0000-0000-000000000000 1                4990000.0           df0deaf4-e19e-455e-befa-3a453184a4c6 -1.0                   -1.0                     -1.0                         
46dfac96-b2b8-4de4-ac63-ed106d3f54ab 26                     32.92681727128447   0.2611250825344694    2.9604000000000004        50111.26789917494    0.0                    0.48838306692258626    0.0                        0.0                             0.0                               00000000-0000-0000-0000-000000000000 00000000-0000-0000-0000-000000000000 1                4990000.0           1d8cba10-4385-472d-a5fb-b2f7c36f8749 -1.0                   -1.0                     -1.0                         
417ebafb-a715-4c6f-9345-3ba2f16a6b44 26                     32.25330592454982   0.17504079651525917   3.07906                   50073.22535950845    0.0                    0.568012941339019      0.0                        0.0                             0.0                               00000000-0000-0000-0000-000000000000 00000000-0000-0000-0000-000000000000 1                4990000.0           50ca12a5-be19-4799-92b0-63a01710cdca -1.0                   -1.0                     -1.0                         
269062dd-e4ae-41a2-9a0a-3ffcbf3e1df8 26                     16.214819258124052  0.4489904728660595    3.07906                   50013.67631301397    0.0                    0.6893635219494678     0.0                        0.0                             0.0                               00000000-0000-0000-0000-000000000000 00000000-0000-0000-0000-000000000000 1                4990000.0           804f4d2d-f576-4e5c-9a9e-7aefda6a52a3 -1.0                   -1.0                     -1.0                         
3eca2b58-2538-4432-ae97-a9eb13c1efeb 26                     18.629399955125233  0.27558766088647557   3.04416                   50107.33732251242    0.0                    0.04917083833935911    0.0                        0.0                             0.0                               00000000-0000-0000-0000-000000000000 00000000-0000-0000-0000-000000000000 1                4990000.0           24879663-c739-4ca5-8d6d-81886224f23a -1.0                   -1.0                     -1.0                         
391335ab-8e1f-44e9-9880-e3a4277bb47e 26                     10.657036770967224  0.22042844951767285   3.05114                   50076.2608999849     0.0                    0.18226738254933933    0.0                        0.0                             0.0                               00000000-0000-0000-0000-000000000000 00000000-0000-0000-0000-000000000000 1                4990000.0           33934db8-946f-4cf8-90dc-ff11845b385c -1.0                   -1.0                     -1.0                         
1ed4725a-1bb6-46f2-aeef-b7150e451535 27                     15.698851203683564  0.03172295457327674   1.739138968505337         50109.745790064626   0.0                    0.04224064123827163    0.0                        0.0                             0.0                               00000000-0000-0000-0000-000000000000 00000000-0000-0000-0000-000000000000 1                4990000.0           67f8a6ee-55b4-4a40-a165-8fbc03462aa0 -1.0                   -1.0                     -1.0                         
70125318-21ac-4acc-be9d-5997245140ee 27                     67.98281318800807   0.32240903060328585   0.0                       50035.82772001707    0.0                    0.4806720086685591     0.0                        0.0                             0.0                               00000000-0000-0000-0000-000000000000 00000000-0000-0000-0000-000000000000 3                4990000.0           a25d96a4-2da0-48e3-94fc-eee342f7d067 -1.0                   -1.0                     -1.0                         
998a78cc-4575-49e7-88fd-a2cc42c85bcb 28                     33.22447478170866   0.08959781576934416   2.7043583045451154        50136.82245077307    0.0                    0.2889597646449532     0.0                        0.0                             0.0                               00000000-0000-0000-0000-000000000000 00000000-0000-0000-0000-000000000000 1                4990000.0           0cdce83c-fd89-4c4d-af25-d7d513d598ce -1.0                   -1.0                     -1.0                         
60b643b9-afbf-4fe1-9f11-e0efc8439a2d 28                     36.05801637027392   0.164231092758164     2.5456018218353207        50134.06766027345    0.0                    0.10331971963204456    0.0                        0.0                             0.0                               00000000-0000-0000-0000-000000000000 00000000-0000-0000-0000-000000000000 1                4990000.0           1bf48cdd-89c5-4950-93d4-9d3aba594a23 -1.0                   -1.0                     -1.0                         
18df4f4a-f70f-4037-8e66-2646ea31b429 28                     45.796737666586836  0.45819897849401375   0.0                       50002.82145641793    0.0                    0.8590358682621917     0.0                        0.0                             0.0                               00000000-0000-0000-0000-000000000000 00000000-0000-0000-0000-000000000000 2                4990000.0           78a7861c-84f6-4f51-8503-e18efe165635 -1.0                   -1.0                     -1.0                         
5cf26da7-3437-460c-8d32-fb91b5fa69cf 29                     94.0828057708856    0.8116968274928251    0.0                       50101.58300832512    0.0                    0.434485034333768      0.0                        0.0                             0.0                               00000000-0000-0000-0000-000000000000 00000000-0000-0000-0000-000000000000 5                4990000.0           327eee90-3df6-4933-8f90-ef752e4f52eb -1.0                   -1.0                     -1.0                         
d12cfdb9-bf13-4cf5-8f2f-de4bee6d324b 30                     16.59596972854274   0.3034727848571849    3.0092600000000003        50038.01938245476    0.0                    0.24487739665317104    0.0                        0.0                             0.0                               00000000-0000-0000-0000-000000000000 00000000-0000-0000-0000-000000000000 1                4990000.0           1f015726-729c-499c-bbc6-bad2e15c4032 -1.0                   -1.0                     -1.0                         
5aa6888b-3d88-415a-a24c-ad48f35bda17 30                     104.20730915401063  0.8797479458586656    0.0                       50278.33970950156    0.0                    0.5952696652108679     0.0                        0.0                             0.0                               00000000-0000-0000-0000-000000000000 00000000-0000-0000-0000-000000000000 4                4990000.0           704c0bae-d869-44b7-a7ec-2167979c69bd -1.0                   -1.0                     -1.0                         
3a0b1949-dbce-4b45-bc65-f9a85b8cbb62 31                     30.421364643295384  0.1088555461915671    2.1977353004137874        50151.99614848198    0.0                    0.06904753653091271    0.0                        0.0                             0.0                               00000000-0000-0000-0000-000000000000 00000000-0000-0000-0000-000000000000 1                4990000.0           0e17eb82-e495-4855-92e1-8c618aa98f30 -1.0                   -1.0                     -1.0                         
8d8d7db5-5790-48ac-a7e4-8def899deb5d 32                     38.16788754641601   0.11909769549555178   1.579738923239335         50122.19033653228    0.0                    0.7409314358140744     0.0                        0.0                             0.0                               00000000-0000-0000-0000-000000000000 00000000-0000-0000-0000-000000000000 1                4990000.0           c73e4e9e-9607-41dc-9d22-f1f1c235e085 -1.0                   -1.0                     -1.0                         
22f09929-884d-499c-baed-124fce9ddb3c 33                     36.682042190632586  0.04929449438062616   2.129891268043144         50192.23962702056    0.0                    0.8053317089653413     0.0                        0.0                             0.0                               00000000-0000-0000-0000-000000000000 00000000-0000-0000-0000-000000000000 1                4990000.0           9c6023c9-102c-4f71-9581-12601ab7479b -1.0                   -1.0                     -1.0                         
e9fc0d92-7771-4f9c-abdb-803556f89ab2 33                     28.303923029750464  0.19695029517446178   2.119894375100939         50047.49181774648    0.0                    0.3776927717956671     0.0                        0.0                             0.0                               00000000-0000-0000-0000-000000000000 00000000-0000-0000-0000-000000000000 1                4990000.0           44f67c19-49b4-496c-adba-90677c7a3ae2 -1.0                   -1.0                     -1.0                         
293d2a8c-2ee3-4067-9a94-7ef17b3302a3 34                     26.19514564349685   0.06340416573482979   1.8963685445073974        50030.660229419984   0.0                    0.29011247315530664    0.0                        0.0                             0.0                               00000000-0000-0000-0000-000000000000 00000000-0000-0000-0000-000000000000 1                4990000.0           8da49fb3-fa6c-42e3-83f7-4624ae3e14f0 -1.0                   -1.0                     -1.0                         
7555dc3a-e4f8-4fe7-8832-3cb1f9a48122 36                     11.591635188314987  0.09670719826688866   2.0935861172126122        50052.70887627111    0.0                    0.46016457644094755    0.0                        0.0                             0.0                               00000000-0000-0000-0000-000000000000 00000000-0000-0000-0000-000000000000 1                4990000.0           a101134f-304b-4ec7-b41c-2357c93477e6 -1.0                   -1.0                     -1.0                         
5e909f76-5373-41f4-93b6-e2bda3e1511c 37                     14.283787754579919  0.19298380268490373   2.57313686989381          50061.27885740617    0.0                    0.11448747238944688    0.0                        0.0                             0.0                               00000000-0000-0000-0000-000000000000 00000000-0000-0000-0000-000000000000 1                4990000.0           1ba78f0f-6eff-4b15-a154-30048cb82d38 -1.0                   -1.0                     -1.0                         
bdddc11a-933f-4df0-adda-8fee506b3a42 38                     37.970681239529554  0.06508334893482746   2.3231837264307713        50103.831110175044   0.0                    0.40733731607727947    0.0                        0.0                             0.0                               00000000-0000-0000-0000-000000000000 00000000-0000-0000-0000-000000000000 1                4990000.0           a0b7cbf2-7adb-4c6f-b7fd-4bba2542e1bf -1.0                   -1.0                     -1.0                         
947b7643-a8ca-4452-95d5-cb0e5f78bdae 39                     22.35374440287571   0.16797185061766623   2.431481909123235         50121.24028816538    0.0                    0.18507567345382764    0.0                        0.0                             0.0                               00000000-0000-0000-0000-000000000000 00000000-0000-0000-0000-000000000000 1                4990000.0           6edc2c2c-e3b1-42b9-b34c-88fc2f7c15dc -1.0                   -1.0                     -1.0                         
21f7355c-8272-441f-9e63-68c7e3ef3f75 41                     50.932350044712734  0.6270090435131186    0.0                       50178.93771000724    0.0                    0.06510777122146956    0.0                        0.0                             0.0                               00000000-0000-0000-0000-000000000000 00000000-0000-0000-0000-000000000000 2                4990000.0           7e608fa9-a0a8-484a-897e-315c79df31ee -1.0                   -1.0                     -1.0                         
787171f1-6881-4de1-85fb-45e9532687a9 43                     31.88195815027674   0.2254829346779689    2.437631501382494         50208.61210579515    0.0                    0.8260706975696126     0.0                        0.0                             0.0                               00000000-0000-0000-0000-000000000000 00000000-0000-0000-0000-000000000000 1                4990000.0           1b8a9f45-9659-467b-8fb1-696ce283dc39 -1.0                   -1.0                     -1.0                         
8b8b3f5d-44fd-492c-9cf0-d683adc74c5b 43                     38.805072401903786  0.16433097117156165   2.291603345777557         50232.63610935772    0.0                    0.34441050230343334    0.0                        0.0                             0.0                               00000000-0000-0000-0000-000000000000 00000000-0000-0000-0000-000000000000 1                4990000.0           ed32853f-f79f-4aa7-9c1b-24435447afec -1.0                   -1.0                     -1.0                         
0feff3fa-79b3-440a-ba13-4cfd81e56538 43                     41.10380087063941   0.20857639413941642   3.014548717741603         50130.391557398354   0.0                    0.3299176491887829     0.0                        0.0                             0.0                               00000000-0000-0000-0000-000000000000 00000000-0000-0000-0000-000000000000 1                4990000.0           de2c3cb5-49f2-4faa-847f-0e7c6e8976f4 -1.0                   -1.0                     -1.0                         
22bf68fa-151f-4c68-bd4b-5dc7440ded36 43                     68.70835933217552   0.6254367460047516    0.0                       50047.334540820964   0.0                    0.3063968498570445     0.0                        0.0                             0.0                               00000000-0000-0000-0000-000000000000 00000000-0000-0000-0000-000000000000 4                4990000.0           29bcd3b1-377b-440a-8e12-83cc40ac97bb -1.0                   -1.0                     -1.0                         
6647cfb6-62c9-4173-bee4-cf6b2d08664d 44                     14.157548979592566  0.14116883103922553   2.701250879723565         50118.77172396543    0.0                    0.4394087449955967     0.0                        0.0                             0.0                               00000000-0000-0000-0000-000000000000 00000000-0000-0000-0000-000000000000 1                4990000.0           ea3a8f22-a3bf-4742-9f48-343a1c319ec0 -1.0                   -1.0                     -1.0                         
ecbc5612-12be-4762-bd44-1e8d5406d163 45                     33.54088595489804   0.1745415452165941    2.4849194307336275        50133.50845540273    0.0                    0.7797644110694874     0.0                        0.0                             0.0                               00000000-0000-0000-0000-000000000000 00000000-0000-0000-0000-000000000000 1                4990000.0           d6379f42-caa2-4fce-b965-8791e51d23b6 -1.0                   -1.0                     -1.0                         
3894a27d-0090-4efa-ba2a-6bbe29be5762 46                     70.79369646874014   0.6729832347925975    0.0                       50150.637607699326   0.0                    0.12723337871316673    0.0                        0.0                             0.0                               00000000-0000-0000-0000-000000000000 00000000-0000-0000-0000-000000000000 2                4990000.0           3a179d42-8af1-4e9d-b151-d0d3b3648504 -1.0                   -1.0                     -1.0                         
43989a9c-d023-4d94-9738-c26f6839e37b 46                     33.99671107584768   0.3928018516730221    3.0092600000000003        50113.070248605145   0.0                    0.7453176196212055     0.0                        0.0                             0.0                               00000000-0000-0000-0000-000000000000 00000000-0000-0000-0000-000000000000 1                4990000.0           2576cb6a-a48b-4bbc-9a52-0d181c19ef9c -1.0                   -1.0                     -1.0                         
a87c6a63-29a5-4a11-ac43-911f851b5513 47                     38.146861147966185  0.2527308237519332    3.07906                   50183.33024837431    0.0                    0.1532814848737774     0.0                        0.0                             0.0                               00000000-0000-0000-0000-000000000000 00000000-0000-0000-0000-000000000000 1                4990000.0           661050bf-66df-483b-b24b-5ba286432a32 -1.0                   -1.0                     -1.0                         
7aff556c-e80e-4db4-9bca-d5f47b91867f 49                     27.638833182947184  0.12810732210828307   3.07906                   50164.30854571286    0.0                    0.5281396959923438     0.0                        0.0                             0.0                               00000000-0000-0000-0000-000000000000 00000000-0000-0000-0000-000000000000 1                4990000.0           bddb9aad-265d-4c1d-9957-925262476297 -1.0                   -1.0                     -1.0                         
4764f326-e767-4e17-8cd4-142818e9efc2 49                     20.739707738067924  0.1689867247645528    2.1360088322003894        50133.96765439405    0.0                    0.10646573524895316    0.0                        0.0                             0.0                               00000000-0000-0000-0000-000000000000 00000000-0000-0000-0000-000000000000 1                4990000.0           a9f1100c-3365-41a4-ba8e-3dfff7a7c5c6 -1.0                   -1.0                     -1.0                         
8f339bda-80e0-4798-8c04-b1c3b812cf7a 49                     25.613232516498705  0.22606408444024237   2.724446580232614         50036.21895604147    0.0                    0.11611534128066973    0.0                        0.0                             0.0                               00000000-0000-0000-0000-000000000000 00000000-0000-0000-0000-000000000000 1                4990000.0           f360da7d-8cf8-4fa2-a6b8-73f940d5a016 -1.0                   -1.0                     -1.0                         
3a72e989-85e5-467f-9992-f0d4b5a01fdf 50                     13.119058468258011  0.3408090964746612    2.0869939753005387        50115.17986760183    0.0                    0.4661954290133719     0.0                        0.0                             0.0                               00000000-0000-0000-0000-000000000000 00000000-0000-0000-0000-000000000000 1                4990000.0           5cac42b1-f532-4758-baff-98316732829d -1.0                   -1.0                     -1.0                         
ba4f519f-7f4a-47d6-a917-e49d3cf2e97d 50                     82.39964144481824   0.6969107544815307    0.0                       50045.25722016762    0.0                    0.6337975320192298     0.0                        0.0                             0.0                               00000000-0000-0000-0000-000000000000 00000000-0000-0000-0000-000000000000 3                4990000.0           c5e4c73b-ec36-40da-8dcf-79e8aa851eab -1.0                   -1.0                     -1.0                         
1ebc8f3d-9575-4ff5-8d77-9a9ad166044b 51                     71.93830215049141   0.41307220092642594   0.0                       50240.90924065813    0.0                    0.666888952855907      0.0                        0.0                             0.0                               00000000-0000-0000-0000-000000000000 00000000-0000-0000-0000-000000000000 5                4990000.0           b9ea8a2f-52da-4e33-a8f1-354664ce0ed2 -1.0                   -1.0                     -1.0                         
3931e984-1ec5-458e-8beb-4c6d46b330f5 52                     16.8251444484802    0.23729377816345595   2.758877656489759         50065.78611866707    0.0                    0.4065379140730701     0.0                        0.0                             0.0                               00000000-0000-0000-0000-000000000000 00000000-0000-0000-0000-000000000000 1                4990000.0           8834c777-8465-4b66-94b0-8501e9d10ce8 -1.0                   -1.0                     -1.0                         
31a6d57a-a80e-4fde-bf1c-467ac4109994 52                     171.13783674591542  0.3427714709324414    0.0                       50294.24224593814    0.0                    0.0821443133919126     0.0                        0.0                             0.0                               00000000-0000-0000-0000-000000000000 00000000-0000-0000-0000-000000000000 5                4990000.0           4673750b-6f89-4967-b342-24054dcfe4c4 -1.0                   -1.0                     -1.0                         
6fe7bb5a-ec3a-4306-a9a0-8d0575a77d4b 53                     37.30336221923744   0.09719646882660535   1.8637141201118284        50253.221565907      0.0                    0.7192451323090528     0.0                        0.0                             0.0                               00000000-0000-0000-0000-000000000000 00000000-0000-0000-0000-000000000000 1                4990000.0           0af208fc-4f96-4e6b-a024-2b1b8f5bc9df -1.0                   -1.0                     -1.0                         
abe819fc-0eec-4caa-8138-e60acb0a6fb9 53                     49.75701698499644   0.37289468025353345   0.0                       50069.3772998339     0.0                    0.590914012896383      0.0                        0.0                             0.0                               00000000-0000-0000-0000-000000000000 00000000-0000-0000-0000-000000000000 2                4990000.0           f826092a-d60b-4112-8c74-a0dac0c1ddd0 -1.0                   -1.0                     -1.0                         
8d9f7a60-b16a-4001-a23b-8948724af241 53                     20.32404984163843   0.14815233261620217   2.9361725784426556        50020.07259443304    0.0                    0.4434574752399623     0.0                        0.0                             0.0                               00000000-0000-0000-0000-000000000000 00000000-0000-0000-0000-000000000000 1                4990000.0           55d0f87f-a3b5-4c53-ab49-80583c23a4ff -1.0                   -1.0                     -1.0                         
c6830b6f-48ac-402e-97be-5243c50ac8bb 54                     38.989991201025646  0.04811364208681146   2.101822992934557         50172.699795378874   0.0                    0.549910773001385      0.0                        0.0                             0.0                               00000000-0000-0000-0000-000000000000 00000000-0000-0000-0000-000000000000 1                4990000.0           90ff7248-6e0a-4fa6-ba16-c81ef86e189d -1.0                   -1.0                     -1.0                         
7df96a08-dd8f-4dad-81bc-84ac04c6af5d 55                     14.898356414529632  0.16124904746757854   2.6636005288477227        50014.70456577279    0.0                    0.533957353479243      0.0                        0.0                             0.0                               00000000-0000-0000-0000-000000000000 00000000-0000-0000-0000-000000000000 1                4990000.0           b888b77e-dd4a-43f1-8cb6-3cb9c2d4e292 -1.0                   -1.0                     -1.0                         
9d4d8659-955e-414f-bfd0-ef5aaf75e806 55                     20.813587250265286  0.2249286714423876    3.05812                   50081.469539035985   0.0                    0.8306738002799583     0.0                        0.0                             0.0                               00000000-0000-0000-0000-000000000000 00000000-0000-0000-0000-000000000000 1                4990000.0           6dc71deb-1f59-4913-9d39-d3c771eb383c -1.0                   -1.0                     -1.0                         
60f4b1b5-14d6-46ce-858c-8044dc625727 60                     64.95076121166474   0.6669860998407903    0.0                       50240.368842373115   0.0                    0.20957977923718776    0.0                        0.0                             0.0                               00000000-0000-0000-0000-000000000000 00000000-0000-0000-0000-000000000000 2                4990000.0           644340a2-aaf5-464f-a753-449be29ae408 -1.0                   -1.0                     -1.0                         
f106f350-643d-403c-b623-d00cf6795b83 61                     24.381129776560403  0.32319710538611973   3.0022800000000003        50027.38928910359    0.0                    0.6286610880998129     0.0                        0.0                             0.0                               00000000-0000-0000-0000-000000000000 00000000-0000-0000-0000-000000000000 1                4990000.0           91f435d5-8fd4-4880-ad32-d4369ce3b0ea -1.0                   -1.0                     -1.0                         
85f91027-c538-4a31-a7cf-7171d4deb8c9 62                     26.424222094895814  0.2688576987600451    3.0302000000000002        50110.3217240487     0.0                    0.3206850667567183     0.0                        0.0                             0.0                               00000000-0000-0000-0000-000000000000 00000000-0000-0000-0000-000000000000 1                4990000.0           d220e1fc-82a1-4ff0-a015-373ce6ea9c3f -1.0                   -1.0                     -1.0                         
24312dec-b224-4917-b8f8-9c621ba257a9 62                     13.57872221346102   0.22889807083502092   2.879250957827019         50044.623955030846   0.0                    0.5720234958481486     0.0                        0.0                             0.0                               00000000-0000-0000-0000-000000000000 00000000-0000-0000-0000-000000000000 1                4990000.0           de76a7e8-103a-4b9a-a9cd-308e3bed3c62 -1.0                   -1.0                     -1.0                         
594c0cc3-0c02-4d10-a2ed-9e44252fa2df 63                     48.81480343250048   0.38990367364702233   0.0                       50030.4236228696     0.0                    0.3634038467971863     0.0                        0.0                             0.0                               00000000-0000-0000-0000-000000000000 00000000-0000-0000-0000-000000000000 2                4990000.0           68580ed7-a7d3-42e5-a769-7231986b8259 -1.0                   -1.0                     -1.0                         
42ccba14-7e6c-447c-a65d-cbb9d5aac11f 64                     46.49192247276942   0.47283604297938825   0.0                       50201.61334712934    0.0                    0.7489976874198792     0.0                        0.0                             0.0                               00000000-0000-0000-0000-000000000000 00000000-0000-0000-0000-000000000000 2                4990000.0           09b52145-120a-498c-8256-0623004911ae -1.0                   -1.0                     -1.0                         
4464b1bf-61cb-40be-8b2c-a599dbc838cd 64                     12.985173736460048  0.1392168262532042    2.7355650802312264        50070.89786120692    0.0                    0.7472288849071781     0.0                        0.0                             0.0                               00000000-0000-0000-0000-000000000000 00000000-0000-0000-0000-000000000000 1                4990000.0           5f18877f-f619-4d5d-b483-1f818d7f5203 -1.0                   -1.0                     -1.0                         
01c4b086-8f90-4261-bb28-e5baeb294908 64                     77.48916231756628   0.455849812998168     0.0                       50064.797424232835   0.0                    0.6002185524883953     0.0                        0.0                             0.0                               00000000-0000-0000-0000-000000000000 00000000-0000-0000-0000-000000000000 4                4990000.0           3c85eefc-9053-4bd8-a230-b0ac259b313e -1.0                   -1.0                     -1.0                         
7cc045ee-05ce-451b-886a-1c512cdb3bde 65                     37.30767765297948   0.03337760354409184   1.0189947039302756        50133.73950561468    0.0                    0.7508724482309787     0.0                        0.0                             0.0                               00000000-0000-0000-0000-000000000000 00000000-0000-0000-0000-000000000000 1                4990000.0           aeee6725-9203-4b57-8ab5-715ebb605c37 -1.0                   -1.0                     -1.0                         
c8f7e85a-4d58-4415-a732-62951f208236 65                     55.97461623438242   0.4606694734703376    0.0                       50143.11613110969    0.0                    0.8907162757773723     0.0                        0.0                             0.0                               00000000-0000-0000-0000-000000000000 00000000-0000-0000-0000-000000000000 2                4990000.0           b079b343-b20d-4fa2-a011-803f9ba75734 -1.0                   -1.0                     -1.0                         
76d51208-ec6e-49b9-96f4-bf325d26e9f1 66                     12.573045042940361  0.2335675329548247    2.4840679832018027        50198.880328047555   0.0                    0.5841084066485703     0.0                        0.0                             0.0                               00000000-0000-0000-0000-000000000000 00000000-0000-0000-0000-000000000000 1                4990000.0           346b620c-014a-487d-b089-9a288d8993c3 -1.0                   -1.0                     -1.0                         
00d66387-a23a-4d7c-ad99-ecd30b27c570 66                     38.09969738283389   0.5219407211652407    0.0                       50088.7135739871     0.0                    0.1540318336487659     0.0                        0.0                             0.0                               00000000-0000-0000-0000-000000000000 00000000-0000-0000-0000-000000000000 2                4990000.0           a89fc503-abeb-4088-a9b2-41b90a7bbd95 -1.0                   -1.0                     -1.0                         
3ed952c6-2e1b-4a27-9193-133eb9257007 69                     48.42349250626809   0.47891782664328936   0.0                       50098.82000952813    0.0                    0.3418199167466826     0.0                        0.0                             0.0                               00000000-0000-0000-0000-000000000000 00000000-0000-0000-0000-000000000000 2                4990000.0           28c019e6-d9e7-423a-847e-b811cf4e8de7 -1.0                   -1.0                     -1.0                         
55b176e4-b864-4181-9a1b-32e24e49adfc 69                     37.613162786698524  0.23261428232448264   2.9181828105730987        50152.563500375494   0.0                    0.3754938360384571     0.0                        0.0                             0.0                               00000000-0000-0000-0000-000000000000 00000000-0000-0000-0000-000000000000 1                4990000.0           5b79edbf-f2be-4989-87c5-4b4b0585ebfb -1.0                   -1.0                     -1.0                         
ac90a39c-1a21-452d-932e-dfb93a291831 70                     58.15074092570978   0.5815615042628554    0.0                       50061.84256235113    0.0                    0.6762207535207596     0.0                        0.0                             0.0                               00000000-0000-0000-0000-000000000000 00000000-0000-0000-0000-000000000000 2                4990000.0           5f980f32-d364-41ff-a78b-1476de52523f -1.0                   -1.0                     -1.0                         
a0adaf78-08f9-4195-90eb-265791af043c 70                     30.792155598652112  0.03183012129380681   1.7291679191660505        50087.12351430865    0.0                    0.42110190290233634    0.0                        0.0                             0.0                               00000000-0000-0000-0000-000000000000 00000000-0000-0000-0000-000000000000 1                4990000.0           24d06a8a-f540-42d3-ab8e-29cadcf966c3 -1.0                   -1.0                     -1.0                         
7c054245-ce72-4f7d-b14e-6efa35133c09 71                     31.57571022058007   0.5557848668657276    0.0                       50065.70676075266    0.0                    0.1744593423053664     0.0                        0.0                             0.0                               00000000-0000-0000-0000-000000000000 00000000-0000-0000-0000-000000000000 2                4990000.0           c260b0d4-9a68-4f98-b539-c7ccc873ebbb -1.0                   -1.0                     -1.0                         
0f7f466f-893a-4661-86b2-e0c277f2d059 72                     90.54475699139654   0.8813159162344294    0.0                       50207.385104580855   0.0                    0.647672931857965      0.0                        0.0                             0.0                               00000000-0000-0000-0000-000000000000 00000000-0000-0000-0000-000000000000 4                4990000.0           b4b80822-76ea-4677-b12c-2640e40085bb -1.0                   -1.0                     -1.0                         
3b9b17d2-54c8-41f0-be1a-0c93057483ce 73                     11.010482418593911  0.11361914313787357   2.0967705251813364        50155.84704331438    0.0                    0.8254859845356725     0.0                        0.0                             0.0                               00000000-0000-0000-0000-000000000000 00000000-0000-0000-0000-000000000000 1                4990000.0           d562ee26-2b7d-4cf8-99c8-386f5ba7c1b7 -1.0                   -1.0                     -1.0                         
e4d98b4b-07b5-4114-97c0-64e0a071d38d 74                     39.13861161309601   0.16468333026644905   2.278120563501141         50153.23493337987    0.0                    0.40140326653127145    0.0                        0.0                             0.0                               00000000-0000-0000-0000-000000000000 00000000-0000-0000-0000-000000000000 1                4990000.0           ee3aadfd-8e78-435c-b7e7-8bea90d2a597 -1.0                   -1.0                     -1.0                         
d0d77dd1-dcfd-4033-a842-dad8d60fcab3 74                     10.875677772463993  0.26006552958254964   3.0302000000000002        50108.74628165709    0.0                    0.4192015717941527     0.0                        0.0                             0.0                               00000000-0000-0000-0000-000000000000 00000000-0000-0000-0000-000000000000 1                4990000.0           6599dea3-5f6b-4713-b9fc-48b8508d2460 -1.0                   -1.0                     -1.0                         
7aeb6842-3eeb-40df-bb49-569000dc1f28 74                     46.80063002006398   0.4768493229189722    0.0                       50119.169003999144   0.0                    0.6680023889774526     0.0                        0.0                             0.0                               00000000-0000-0000-0000-000000000000 00000000-0000-0000-0000-000000000000 2                4990000.0           d577b6b7-5f84-4255-b25a-7bba523e4ebf -1.0                   -1.0                     -1.0                         
7e55509e-c2cb-40a1-9604-711a88fc5755 75                     35.44294157562295   0.17112911725275545   3.03718                   50240.311610838246   0.0                    0.7610102869173938     0.0                        0.0                             0.0                               00000000-0000-0000-0000-000000000000 00000000-0000-0000-0000-000000000000 1                4990000.0           ff217573-c2f3-48c3-9b98-814ead6a1ca4 -1.0                   -1.0                     -1.0                         
5b552c83-11f6-4fac-9aa4-16a698c6d2f4 77                     12.71351394322195   0.21510911456386797   3.0528761561468727        50089.30638016785    0.0                    0.08644219128354985    0.0                        0.0                             0.0                               00000000-0000-0000-0000-000000000000 00000000-0000-0000-0000-000000000000 1                4990000.0           c97fc698-9b70-457c-91e0-a15d07ab4fa8 -1.0                   -1.0                     -1.0                         
48c0d753-e28c-4ae0-bfcf-063078c7bdbb 77                     40.67584855839729   0.5775587294660937    3.05114                   50212.66097904873    0.0                    0.6427804184019741     0.0                        0.0                             0.0                               00000000-0000-0000-0000-000000000000 00000000-0000-0000-0000-000000000000 1                4990000.0           05555f19-9b50-4866-83ff-ac032080a52c -1.0                   -1.0                     -1.0                         
39efaa63-daf4-4004-8f5c-eaea46100426 79                     20.47944789978363   0.01135209108838036   1.4237324249409427        50073.92808108768    0.0                    0.21591435949732293    0.0                        0.0                             0.0                               00000000-0000-0000-0000-000000000000 00000000-0000-0000-0000-000000000000 1                4990000.0           ee86cce2-c0bd-4947-a3bd-0f4e4b4bad3f -1.0                   -1.0                     -1.0                         
40328cca-43b0-40e6-957b-fd9661e9b3a6 79                     107.34787750520782  0.3957117298214746    0.0                       50017.64741242944    0.0                    0.2262475779332875     0.0                        0.0                             0.0                               00000000-0000-0000-0000-000000000000 00000000-0000-0000-0000-000000000000 4                4990000.0           4138ecad-ab87-4bc8-9c85-e897a995a5de -1.0                   -1.0                     -1.0                         
4bdd41d8-31a7-4ed1-9e3f-2fbd9ba25d2d 80                     38.332136052995466  0.01885626352456269   1.154190452623673         50163.72376111283    0.0                    0.0746443172065879     0.0                        0.0                             0.0                               00000000-0000-0000-0000-000000000000 00000000-0000-0000-0000-000000000000 1                4990000.0           5a08c3b8-fce9-4c67-8644-e422e7a93296 -1.0                   -1.0                     -1.0                         
470fe79e-1575-44f0-a0e1-53c729ef74f8 80                     13.687926651726192  0.2615435468527776    2.7540442186136973        50133.62101017581    0.0                    0.11454414418436915    0.0                        0.0                             0.0                               00000000-0000-0000-0000-000000000000 00000000-0000-0000-0000-000000000000 1                4990000.0           c6133eb5-ec60-4e06-be06-db1b7698bd50 -1.0                   -1.0                     -1.0                         
31f7aeb9-cffd-4baa-bd3b-de65c16654b0 81                     62.200999717078695  0.6370487415387865    0.0                       50097.053849788455   0.0                    0.7442540513564297     0.0                        0.0                             0.0                               00000000-0000-0000-0000-000000000000 00000000-0000-0000-0000-000000000000 2                4990000.0           e8361ff4-a493-4d07-bc21-b7749b5fb433 -1.0                   -1.0                     -1.0                         
662bd3a2-7c1b-4e47-b819-63628bb9a6e4 81                     34.76951022790545   0.2568656379801933    3.0302000000000002        50237.48343489097    0.0                    0.03146234116138352    0.0                        0.0                             0.0                               00000000-0000-0000-0000-000000000000 00000000-0000-0000-0000-000000000000 1                4990000.0           c518be1a-c5b3-4c36-a393-f86a06eb0d0f -1.0                   -1.0                     -1.0                         
c943c3cb-1d81-4e03-9518-19a6e70142dc 81                     35.27287116286699   0.1710544238337323    2.535617971243066         50106.11359155505    0.0                    0.3944464859322624     0.0                        0.0                             0.0                               00000000-0000-0000-0000-000000000000 00000000-0000-0000-0000-000000000000 1                4990000.0           08a439ef-0e07-4aef-8af1-aba63121311b -1.0                   -1.0                     -1.0                         
813be206-b133-4e09-bbd6-f051609fd3da 83                     34.51650886430311   0.12441629052929828   2.2213393607222067        50018.75572990688    0.0                    0.3334327102130316     0.0                        0.0                             0.0                               00000000-0000-0000-0000-000000000000 00000000-0000-0000-0000-000000000000 1                4990000.0           ea04c3fb-7738-429b-86d1-9839127631be -1.0                   -1.0                     -1.0                         
c6de36f8-7400-40ad-915a-6136fd436228 83                     12.973990334862707  0.13395865275013788   1.870641789812521         50145.054096012136   0.0                    0.8668597395070551     0.0                        0.0                             0.0                               00000000-0000-0000-0000-000000000000 00000000-0000-0000-0000-000000000000 1                4990000.0           a001e2f8-c7ca-4d61-911c-9636f25a352a -1.0                   -1.0                     -1.0                         
ccaf4883-b91c-4439-a4f8-53ef6e9ea996 83                     27.149073365461405  0.27762784625437126   2.5020750416793875        50115.320003103174   0.0                    0.7502623232602574     0.0                        0.0                             0.0                               00000000-0000-0000-0000-000000000000 00000000-0000-0000-0000-000000000000 1                4990000.0           9fd48690-d6f7-4ae0-bceb-de6fc7eeaefb -1.0                   -1.0                     -1.0                         
c57cd65f-6ff5-4306-a379-840fbe43ec26 84                     11.765222926153383  0.03763128095885358   1.0950685501859996        50112.19081446682    0.0                    0.33672387536399473    0.0                        0.0                             0.0                               00000000-0000-0000-0000-000000000000 00000000-0000-0000-0000-000000000000 1                4990000.0           50cad14c-89e7-4a1f-a20b-9856d5df48f3 -1.0                   -1.0                     -1.0                         
9a1bffdc-ac84-49d0-9fdc-e0a368f0eb2a 84                     172.0921123663748   0.35547591882696217   0.0                       50200.7924233719     0.0                    0.8116079812387069     0.0                        0.0                             0.0                               00000000-0000-0000-0000-000000000000 00000000-0000-0000-0000-000000000000 8                4990000.0           bd2122bb-17c7-416f-9ce1-377bdafb6883 -1.0                   -1.0                     -1.0                         
d35cef3c-9b10-4d82-a983-167777008b5f 84                     32.35730766589664   0.374336270798043     3.09302                   50057.06987891156    0.0                    0.7400336000630133     0.0                        0.0                             0.0                               00000000-0000-0000-0000-000000000000 00000000-0000-0000-0000-000000000000 1                4990000.0           4b1f3638-211f-41c3-b247-3b748d77fa45 -1.0                   -1.0                     -1.0                         
341bb64b-ea77-4010-8366-02b3887d4d75 87                     25.068214363503238  0.227647647498341     3.0092600000000003        50094.37921095625    0.0                    0.2670765754716665     0.0                        0.0                             0.0                               00000000-0000-0000-0000-000000000000 00000000-0000-0000-0000-000000000000 1                4990000.0           e7f3e605-b91f-44dd-92fd-ba154f903dc5 -1.0                   -1.0                     -1.0                         
08985598-9b8a-46fd-a7af-0463575da717 87                     10.76452445000261   0.04567457353721017   1.6005041438089107        50120.79904294126    0.0                    0.5487486001043542     0.0                        0.0                             0.0                               00000000-0000-0000-0000-000000000000 00000000-0000-0000-0000-000000000000 1                4990000.0           56d748d8-8165-4982-86ca-6acdb6965a77 -1.0                   -1.0                     -1.0                         
aaa4a73e-962c-4e12-8d41-ea7d0b903309 88                     30.677328980160148  0.04481300622077306   0.8477400621647829        50155.52543722531    0.0                    0.6864999102771995     0.0                        0.0                             0.0                               00000000-0000-0000-0000-000000000000 00000000-0000-0000-0000-000000000000 1                4990000.0           0f3536a9-c391-4df5-9fa9-3c13f1fa12ea -1.0                   -1.0                     -1.0                         
af6e4916-92ee-4abf-9ac3-106eafb1419a 88                     13.99151214849358   0.2237260471188263    3.04416                   50009.736380392016   0.0                    0.4293988500246822     0.0                        0.0                             0.0                               00000000-0000-0000-0000-000000000000 00000000-0000-0000-0000-000000000000 1                4990000.0           d4add349-8278-480a-873f-871fafb59580 -1.0                   -1.0                     -1.0                         
65139e0f-e4f2-4c26-abf8-e01426ed7a51 88                     68.51339803370408   0.5835159347009057    0.0                       50000.37722295472    0.0                    0.5856341501700443     0.0                        0.0                             0.0                               00000000-0000-0000-0000-000000000000 00000000-0000-0000-0000-000000000000 3                4990000.0           f1d61815-8224-4ef6-9ca4-b71c28dc9b5c -1.0                   -1.0                     -1.0                         
4cfbf407-793a-4090-a6a0-fa6cab16ea2c 88                     69.92020870861238   0.5939134767620876    0.0                       50217.34414393315    0.0                    0.12115644627287721    0.0                        0.0                             0.0                               00000000-0000-0000-0000-000000000000 00000000-0000-0000-0000-000000000000 3                4990000.0           489a8a1f-b2f0-4cc1-af25-e3fafa68dfa4 -1.0                   -1.0                     -1.0                         
278290c4-8f83-43d9-8127-6e49c1a05aa4 90                     36.14542168414119   0.11021360190080756   2.414829499419925         50049.21706155176    0.0                    0.3609995192524973     0.0                        0.0                             0.0                               00000000-0000-0000-0000-000000000000 00000000-0000-0000-0000-000000000000 1                4990000.0           76b8b834-a11f-4951-9211-19cdd3cc1f36 -1.0                   -1.0                     -1.0                         
1c00d98e-fa68-460f-827e-ca03ba10c60c 91                     27.57315230426694   0.512732483186814     0.0                       50057.408896469475   0.0                    0.7476010062295899     0.0                        0.0                             0.0                               00000000-0000-0000-0000-000000000000 00000000-0000-0000-0000-000000000000 2                4990000.0           63107edf-1d78-425b-a0d8-95da92a4eef7 -1.0                   -1.0                     -1.0                         
741f42f5-cb0a-4748-b6b1-736af2ed8ec7 91                     30.722889596109688  0.5382604008081616    0.0                       50157.17602158985    0.0                    0.2514079750576328     0.0                        0.0                             0.0                               00000000-0000-0000-0000-000000000000 00000000-0000-0000-0000-000000000000 2                4990000.0           bf61c98b-ffbc-4404-b1aa-04d22cf724eb -1.0                   -1.0                     -1.0                         
632b30a8-189d-4ac3-a469-b6b4f86d8729 94                     37.01842362113997   0.19075619750610637   1.5263882074656008        50146.10521664993    0.0                    0.38476720080085736    0.0                        0.0                             0.0                               00000000-0000-0000-0000-000000000000 00000000-0000-0000-0000-000000000000 1                4990000.0           6fcfc40f-fc32-4894-b446-3dcf6b4d49f7 -1.0                   -1.0                     -1.0                         
f04169a6-40c1-4014-8fdd-29a6300a1d89 95                     35.291524541824764  0.05229571396149076   1.211754084257537         50248.709328746954   0.0                    0.10417917630848376    0.0                        0.0                             0.0                               00000000-0000-0000-0000-000000000000 00000000-0000-0000-0000-000000000000 1                4990000.0           69e39f1e-ef5d-4008-8a02-e57a6cb0b2ff -1.0                   -1.0                     -1.0                         
60e9a2e3-91e7-4bbc-8566-24ff7e7af139 96                     25.934250682273426  0.16070086146168613   2.999075240460618         50132.62745068023    0.0                    0.6692951608681551     0.0                        0.0                             0.0                               00000000-0000-0000-0000-000000000000 00000000-0000-0000-0000-000000000000 1                4990000.0           abdb462f-54f8-458d-874e-14b30dec086f -1.0                   -1.0                     -1.0                         
9e7b4379-5298-4883-b014-d8edb993b52c 96                     88.63436879815632   0.32408423848946083   0.0                       50023.690151599076   0.0                    0.5893580508373658     0.0                        0.0                             0.0                               00000000-0000-0000-0000-000000000000 00000000-0000-0000-0000-000000000000 7                4990000.0           9805591f-da60-4a3b-a9fe-b197be2c6f40 -1.0                   -1.0                     -1.0                         
b9881a69-c648-4fa4-9528-eeeb55746fec 97                     19.42595580979062   0.08703465936338685   2.339634722493468         50118.00474534479    0.0                    0.0992581779761532     0.0                        0.0                             0.0                               00000000-0000-0000-0000-000000000000 00000000-0000-0000-0000-000000000000 1                4990000.0           eb3e8b22-8ac7-455c-b646-a3b3128fd5c1 -1.0                   -1.0                     -1.0                         
c407cc6c-b6bf-463e-8962-79a430c55c3d 98                     86.75945596734049   0.6437139313466661    0.0                       50104.8774330801     0.0                    0.2650980911762352     0.0                        0.0                             0.0                               00000000-0000-0000-0000-000000000000 00000000-0000-0000-0000-000000000000 3                4990000.0           8802bc73-2d46-49da-8f12-4eabdd427a6b -1.0                   -1.0                     -1.0                         
39bbc626-80bf-4263-a5fa-48dde0ec41c5 98                     25.8387385667467    0.23376103147238558   3.07906                   50020.33782583188    0.0                    0.08999384496306005    0.0                        0.0                             0.0                               00000000-0000-0000-0000-000000000000 00000000-0000-0000-0000-000000000000 1                4990000.0           b3289fb9-8612-4b83-8393-a5fc1a8b51b0 -1.0                   -1.0                     -1.0                         
e03fbec7-425c-4d4b-bf04-3d0a160c0eb3 98                     39.09641984573129   0.10778535238592024   1.9129038176389708        50248.693341949474   0.0                    0.00028842143953206056 0.0                        0.0                             0.0                               00000000-0000-0000-0000-000000000000 00000000-0000-0000-0000-000000000000 1                4990000.0           14fe2dc5-f313-4305-974d-6eeeaffdb6a1 -1.0                   -1.0                     -1.0                         
