unique_id::uuid.UUID                 galaxy_id::numpy.int64 mass::numpy.float64 spin::numpy.float64    spin_angle::numpy.float64 orb_a::numpy.float64 orb_inc::numpy.float64 orb_ecc::numpy.float64 orb_ang_mom::numpy.float64 orb_arg_periapse::numpy.float64 migration_velocity::numpy.float64 parent_unique_id::uuid.UUID          parent_unique_id_2::uuid.UUID        gen::numpy.int64 time::numpy.float64 progenitor_unique_id::uuid.UUID      gw_freq::numpy.float64 gw_strain::numpy.float64 gw_char_strain::numpy.float64 
f6fadf61-6584-4dcc-a38e-efeec055a210 0                      16.31639255269591   0.12208034013418706    0.1530340414633483        6.0                  3.1232747604931648     0.99999999             -1.0                       0.0                             0.0                               00000000-0000-0000-0000-000000000000 00000000-0000-0000-0000-000000000000 1                4990000.0           00000000-0000-0000-0000-000000000000 4.2947928239401014e-05 4.868656051288769e-18    -1.0                         
d6b96a87-1a25-42ee-b48e-6788650b4898 1                      12.749494282874439  0.03383432544167424    0.913528303019457         5.344572559707724    0.0                    0.01                   1.0                        0.0                             0.0                               00000000-0000-0000-0000-000000000000 00000000-0000-0000-0000-000000000000 1                4990000.0           00000000-0000-0000-0000-000000000000 5.108573194726035e-05  4.270868312509598e-18    1.9617564563376292e-18       
419e6cad-d5d1-4917-be59-8fedad9edcfd 2                      11.980619322467218  0.002740526836112499   1.3874690502229032        6.0                  0.0                    0.01                   -1.0                       0.0                             0.0                               00000000-0000-0000-0000-000000000000 00000000-0000-0000-0000-000000000000 1                4990000.0           00000000-0000-0000-0000-000000000000 4.2947927308338766e-05 3.5749026369728746e-18   -1.0                         
b24d7544-0b78-4a10-9c37-5c0cee82a3c7 2                      23.76383069399628   0.10022959774880376    1.4893265284659152        6.0                  0.0                    0.01                   -1.0                       0.0                             0.0                               00000000-0000-0000-0000-000000000000 00000000-0000-0000-0000-000000000000 1                4990000.0           00000000-0000-0000-0000-000000000000 4.294792983866091e-05  7.090900622577281e-18    -1.0                         
4aea7ffb-4320-47c6-b622-20065fa893d7 2                      17.244842637982973  -0.02086076644133861   1.9012400370640739        6.0                  0.0                    0.01                   -1.0                       0.0                             0.0                               00000000-0000-0000-0000-000000000000 00000000-0000-0000-0000-000000000000 1                4990000.0           00000000-0000-0000-0000-000000000000 4.2947928438776015e-05 5.145696709109024e-18    -1.0                         
65a1537c-f7a0-4938-9797-63a1de9e7d8b 2                      25.35602637773418   0.005691263637034611   0.28039893882995653       6.0                  0.0                    0.01                   -1.0                       0.0                             0.0                               00000000-0000-0000-0000-000000000000 00000000-0000-0000-0000-000000000000 1                4990000.0           00000000-0000-0000-0000-000000000000 4.2947930180568374e-05 7.565996641837102e-18    -1.0                         
8a181bf3-721b-42ca-840d-2b84108a2604 2                      16.916299899831678  0.0032401293139274253  1.0801696438834176        6.0                  0.0                    0.01                   -1.0                       0.0                             0.0                               00000000-0000-0000-0000-000000000000 00000000-0000-0000-0000-000000000000 1                4990000.0           00000000-0000-0000-0000-000000000000 4.294792836822488e-05  5.0476626868800764e-18   -1.0                         
40c8a592-c2c5-4844-b8ca-ae712a7ef473 2                      31.16899107443046   0.05620894945078889    0.5127472573871728        3.2814586473289205   0.0                    0.01                   1.0                        0.0                             0.0                               00000000-0000-0000-0000-000000000000 00000000-0000-0000-0000-000000000000 1                4990000.0           00000000-0000-0000-0000-000000000000 0.00010618635740011711 1.700560192122764e-17    9.511777950930792e-18        
ed2cb468-27fc-42e9-8737-676ea0ca396e 3                      19.31389675618968   0.047372133403103804   0.773101300417257         1.0                  0.0                    0.01                   1.0                        0.0                             0.0                               00000000-0000-0000-0000-000000000000 00000000-0000-0000-0000-000000000000 1                4990000.0           00000000-0000-0000-0000-000000000000 0.0006312030676373722  3.45784964460613e-17     4.461219648808145e-17        
bc481c06-e5b7-4472-b766-fa37690acc46 4                      10.762234453122261  0.17525578765410996    1.2309453361942357        34.268130295061574   0.0                    0.01                   1.0                        0.0                             0.0                               00000000-0000-0000-0000-000000000000 00000000-0000-0000-0000-000000000000 1                4990000.0           00000000-0000-0000-0000-000000000000 3.1465415286862324e-06 1.4056857675898266e-22   8.027773641334549e-19        
dc8eb5c5-24ba-4960-8cdb-35f1ffadfdc6 5                      11.435824091770685  0.01065323654358811    1.48895283620885          29.248765202786473   0.0                    0.01                   1.0                        0.0                             0.0                               00000000-0000-0000-0000-000000000000 00000000-0000-0000-0000-000000000000 1                4990000.0           00000000-0000-0000-0000-000000000000 3.9903205016021535e-06 1.7499923029638626e-22   8.00085882601325e-19         
828dd191-b985-475a-90e7-6fe40a4c959c 6                      27.28848093074457   0.07566872523190932    0.6731210463585988        6.0                  3.140473319287418      0.01                   -1.0                       1.5707963267948966              0.0                               00000000-0000-0000-0000-000000000000 00000000-0000-0000-0000-000000000000 1                4990000.0           00000000-0000-0000-0000-000000000000 4.294793059554288e-05  8.142622665204013e-18    -1.0                         
a05a5da0-f046-4d2c-b5cb-f33ca04bc2c9 6                      10.530890682340765  0.0021525888783600535  1.9454802281543122        1.0                  0.0                    0.01                   1.0                        0.0                             0.0                               00000000-0000-0000-0000-000000000000 00000000-0000-0000-0000-000000000000 1                4990000.0           00000000-0000-0000-0000-000000000000 0.000631203039918075   1.8853904555354955e-17   2.4125147924696625e-17       
f20f9a78-d956-4b3e-b734-a7adcc49265c 7                      10.286041930656406  -0.06300441286646878   2.2928916216106106        6.0                  3.1074198549254497     0.99999999             -1.0                       0.0                             0.0                               00000000-0000-0000-0000-000000000000 00000000-0000-0000-0000-000000000000 1                4990000.0           00000000-0000-0000-0000-000000000000 4.294792694444587e-05  3.06925689166665e-18     -1.0                         
11c914d3-0feb-44c2-9745-6933120c863f 7                      12.11731834643227   0.05443894352025878    3.0876182311159006        1.0                  2.3679375027269423     0.9999991357194334     -1.0                       0.0                             0.0                               00000000-0000-0000-0000-000000000000 00000000-0000-0000-0000-000000000000 1                4990000.0           00000000-0000-0000-0000-000000000000 0.0006312030449248643  2.1694153938335702e-17   2.7894880073321655e-17       
f795eeb3-748e-4167-980e-b3e3d21c5b15 7                      32.70802969261126   -0.036256742382360485  1.621272013969272         6.0                  3.1411434525738904     0.01                   -1.0                       1.5707963267948966              0.0                               00000000-0000-0000-0000-000000000000 00000000-0000-0000-0000-000000000000 1                4990000.0           00000000-0000-0000-0000-000000000000 4.294793175933457e-05  9.759764370363419e-18    -1.0                         
c4edc869-1a20-42d4-8254-52c40327278c 7                      14.43283892891671   0.29206994161906724    0.0                       1.0                  0.0                    0.01                   1.0                        0.0                             0.0                               00000000-0000-0000-0000-000000000000 00000000-0000-0000-0000-000000000000 1                4990000.0           00000000-0000-0000-0000-000000000000 0.0006312030522326815  2.5839729595229495e-17   3.3045868930514295e-17       
340fe228-eada-4b7d-99f4-52d679ded082 9                      33.31822005312401   -0.12475423501114741   1.9643561772976688        6.0                  0.0                    0.01                   -1.0                       0.0                             0.0                               00000000-0000-0000-0000-000000000000 00000000-0000-0000-0000-000000000000 1                4990000.0           00000000-0000-0000-0000-000000000000 4.294793189036659e-05  9.941839359154832e-18    -1.0                         
c8eb315c-8b61-4792-af01-6ef16636acaf 9                      35.777338427428376  0.06700382551588724    1.912913598486595         2.5660263650668673   0.0                    0.01                   1.0                        0.0                             0.0                               00000000-0000-0000-0000-000000000000 00000000-0000-0000-0000-000000000000 1                4990000.0           00000000-0000-0000-0000-000000000000 0.00015355977431961317 2.49622147144892e-17     1.6289280923472132e-17       
def00288-3ff1-415a-947e-72649bc30d5f 11                     25.520851883806106  0.04133307753386166    1.288439984746522         35.53744866642126    0.0                    0.01                   1.0                        0.0                             0.0                               00000000-0000-0000-0000-000000000000 00000000-0000-0000-0000-000000000000 1                4990000.0           00000000-0000-0000-0000-000000000000 2.979475003976262e-06  3.2142905391008404e-22   1.2541265261419904e-18       
16411760-e672-4473-9d1a-0858a8805d85 11                     13.336182050271418  0.019604034311284324   0.7433130961671803        6.0                  0.0                    0.99999999             -1.0                       0.0                             0.0                               00000000-0000-0000-0000-000000000000 00000000-0000-0000-0000-000000000000 1                4990000.0           00000000-0000-0000-0000-000000000000 4.2947927599431776e-05 3.979389637166737e-18    -1.0                         
6016919f-7b12-4046-9eb8-a35cab312ef1 11                     29.98105392908367   0.19087629014087515    1.7904945906535372        1.0                  0.0                    0.01                   1.0                        0.0                             0.0                               00000000-0000-0000-0000-000000000000 00000000-0000-0000-0000-000000000000 1                4990000.0           00000000-0000-0000-0000-000000000000 0.0006312031013030765  5.367636473482504e-17    6.829105968521416e-17        
5421f01b-814c-4d37-8a7a-2a2afe0ba193 13                     18.356175912312583  0.10334390092422323    1.2023181772697467        40.51834151297621    0.0                    0.01                   1.0                        0.0                             0.0                               00000000-0000-0000-0000-000000000000 00000000-0000-0000-0000-000000000000 1                4990000.0           00000000-0000-0000-0000-000000000000 2.4473247814986117e-06 2.0277142757708107e-22   1.0904547884109988e-18       
04bee1b8-68d5-456b-a8db-4226d3c8af15 13                     15.658746222803213  -0.040285699505452584  1.7510603631082353        6.0                  0.0                    0.01                   -1.0                       0.0                             0.0                               00000000-0000-0000-0000-000000000000 00000000-0000-0000-0000-000000000000 1                4990000.0           00000000-0000-0000-0000-000000000000 4.29479280981783e-05   4.6724206534642115e-18   -1.0                         
a34cf726-c627-4b12-be55-de0987ce5168 13                     11.867388756802688  0.10757556712347846    2.945687332852682         1.0                  0.0                    0.01                   1.0                        0.0                             0.0                               00000000-0000-0000-0000-000000000000 00000000-0000-0000-0000-000000000000 1                4990000.0           00000000-0000-0000-0000-000000000000 0.0006312030441360827  2.1246694291229413e-17   2.729469283075139e-17        
daf25d74-2631-4560-a59f-e78bc5c740cc 15                     14.348467473780026  0.19244899907974067    0.0                       1.1596071964632269   0.0                    0.01                   1.0                        0.0                             0.0                               00000000-0000-0000-0000-000000000000 00000000-0000-0000-0000-000000000000 1                4990000.0           00000000-0000-0000-0000-000000000000 0.0005054785572409128  2.2152911644899957e-17   2.5367536713563393e-17       
b08c74d3-aa8c-431c-aedb-1bdaae4103f8 16                     10.005616025386598  0.051679504762940066   1.1901174765857048        5.309005946098558    0.0                    0.0                    1.0                        0.0                             0.0                               00000000-0000-0000-0000-000000000000 00000000-0000-0000-0000-000000000000 1                4990000.0           00000000-0000-0000-0000-000000000000 5.159994788881725e-05  3.374168916916786e-18    8.644738839130772e-21        
f34fe37f-0adb-40f0-bfaf-1997034646a5 16                     12.287829799665442  0.14021349130243818    0.25763580329429947       1.0                  0.0                    0.01                   1.0                        0.0                             0.0                               00000000-0000-0000-0000-000000000000 00000000-0000-0000-0000-000000000000 1                4990000.0           00000000-0000-0000-0000-000000000000 0.0006312030454630009  2.199942789491033e-17    2.8218692786380224e-17       
2b49ae7e-fed2-41f9-ab14-1a561b21f5f4 18                     32.85367058803117   0.06609980851448422    0.07318277734813605       2.6388912344253552   0.0                    0.01                   1.0                        0.0                             0.0                               00000000-0000-0000-0000-000000000000 00000000-0000-0000-0000-000000000000 1                4990000.0           00000000-0000-0000-0000-000000000000 0.00014724375845910932 2.228941177519691e-17    1.4306433838092898e-17       
dd1bae43-29d5-4d1f-94af-a97f2471e94f 18                     11.525669177866938  0.0811494347289951     0.5101037439885516        2.379025931958524    0.0                    0.01                   1.0                        0.0                             0.0                               00000000-0000-0000-0000-000000000000 00000000-0000-0000-0000-000000000000 1                4990000.0           00000000-0000-0000-0000-000000000000 0.00017201658441003115 8.673675565417986e-18    6.1186990431875424e-18       
f0f2a3f3-d170-4be6-b02c-f97135572516 19                     11.068572569230884  -0.06457224048271466   1.7573775034958368        6.0                  3.133859292718052      0.99999999             -1.0                       0.0                             0.0                               00000000-0000-0000-0000-000000000000 00000000-0000-0000-0000-000000000000 1                4990000.0           00000000-0000-0000-0000-000000000000 4.2947927112486195e-05 3.302756577121631e-18    -1.0                         
00c8be28-341f-4e0f-9aae-23c9925ae630 19                     13.411970362214113  0.09954664298935255    2.6293383989387302        2.4734684825856927   3.167200494221074      0.5553413259668405     -1.0                       0.0                             0.0                               00000000-0000-0000-0000-000000000000 00000000-0000-0000-0000-000000000000 1                4990000.0           00000000-0000-0000-0000-000000000000 0.000162259269619413   9.707835394882536e-18    6.6519868549434416e-18       
899a58d1-f3c7-48b7-a45a-df6130d243bd 20                     23.315156381071944  0.025605915383344377   0.4919170463043648        6.0                  3.091555938747408      0.99999999             -1.0                       0.0                             0.0                               00000000-0000-0000-0000-000000000000 00000000-0000-0000-0000-000000000000 1                4990000.0           00000000-0000-0000-0000-000000000000 4.2947929742312775e-05 6.95702048322528e-18     -1.0                         
2ca193c2-82dc-4d5d-a13b-8a57edf9f899 20                     12.41849594238835   0.17478708697576695    0.6327759416354648        6.0                  3.115575209705789      0.99999999             -1.0                       0.0                             0.0                               00000000-0000-0000-0000-000000000000 00000000-0000-0000-0000-000000000000 1                4990000.0           00000000-0000-0000-0000-000000000000 4.294792740236822e-05  3.70556084762892e-18     -1.0                         
f210a3c3-7b73-4e98-ae63-68997e587ce4 21                     28.25777557143099   -0.11639325050260373   1.7728044428834198        6.0                  2.6986086860166414     0.99999999             -1.0                       0.0                             0.0                               00000000-0000-0000-0000-000000000000 00000000-0000-0000-0000-000000000000 1                4990000.0           00000000-0000-0000-0000-000000000000 4.294793080368882e-05  8.431850949128819e-18    -1.0                         
1a930b96-67d4-42c5-98c5-c7d58a5ef6ca 21                     11.529221925222151  0.06222512778534425    1.3839609514682152        1.31756435126937     0.0                    0.0                    1.0                        0.0                             0.0                               00000000-0000-0000-0000-000000000000 00000000-0000-0000-0000-000000000000 1                4990000.0           00000000-0000-0000-0000-000000000000 0.00041736048677880273 1.5666225115584158e-17   1.6430155204010464e-17       
6f4d81c0-25c5-4338-ada7-0f4f1ac263da 22                     11.620204782225853  0.295157201008441      0.0                       19.201447189350983   3.141402948548956      0.01                   -1.0                       1.5707963267948966              0.0                               00000000-0000-0000-0000-000000000000 00000000-0000-0000-0000-000000000000 1                4990000.0           00000000-0000-0000-0000-000000000000 7.501845936326356e-06  2.7086695642224844e-22   7.586479691884077e-19        
a47b5ac6-815c-490d-8822-1009ec5a3425 22                     16.93794588990416   0.21384015420175764    0.9394548927132169        4.147515294115305    0.0                    0.01                   1.0                        0.0                             0.0                               00000000-0000-0000-0000-000000000000 00000000-0000-0000-0000-000000000000 1                4990000.0           00000000-0000-0000-0000-000000000000 7.47286439443349e-05   7.311541420301604e-18    3.677061921738327e-18        
bf2c470f-cd5d-4147-ae95-c64b7e8ea957 22                     15.890400630412763  0.05375482734637394    0.0                       5.88669591423867     0.0                    0.01                   1.0                        0.0                             0.0                               00000000-0000-0000-0000-000000000000 00000000-0000-0000-0000-000000000000 1                4990000.0           00000000-0000-0000-0000-000000000000 4.4193835012587234e-05 4.832806916033494e-18    2.0995133256509295e-18       
7de154ea-55f4-4af5-9dc0-31ec1782fddb 25                     11.996903956861136  -0.0023496854141853694 2.624827128195613         6.0                  3.1406156361961295     0.01                   -1.0                       1.5707963267948966              0.0                               00000000-0000-0000-0000-000000000000 00000000-0000-0000-0000-000000000000 1                4990000.0           00000000-0000-0000-0000-000000000000 4.294792731183572e-05  3.57976181669222e-18     -1.0                         
83174751-45b1-451c-a715-65f2e5971504 26                     10.392554104437263  -0.06666355365529894   2.557402324504206         6.0                  0.0                    0.01                   -1.0                       0.0                             0.0                               00000000-0000-0000-0000-000000000000 00000000-0000-0000-0000-000000000000 1                4990000.0           00000000-0000-0000-0000-000000000000 4.294792696731825e-05  3.101039109319192e-18    -1.0                         
3d9a39ec-6c10-4cb7-aaeb-3a1a1ecfcbcd 26                     10.63088858305106   0.15344112614729644    1.9997192798489967        2.8307646188627444   2.6655189371534087     0.9996718999419277     -1.0                       0.0                             0.0                               00000000-0000-0000-0000-000000000000 00000000-0000-0000-0000-000000000000 1                4990000.0           00000000-0000-0000-0000-000000000000 0.00013252976985679953 6.723602150600646e-18    4.275849762314255e-18        
acc76cfe-18d6-4dd2-9c4c-3c0200d92dc7 26                     15.151526655212237  -0.022365260342851013  1.79848069562015          4.566046612439987    0.0                    0.0                    1.0                        0.0                             0.0                               00000000-0000-0000-0000-000000000000 00000000-0000-0000-0000-000000000000 1                4990000.0           00000000-0000-0000-0000-000000000000 6.469319212183141e-05  5.940900150743513e-18    1.9082874110358683e-20       
8169fd00-0825-4550-bb47-992708d88f45 27                     11.119823819647864  0.2052519785429832     0.0                       19.622197297845016   0.0                    0.01                   1.0                        0.0                             0.0                               00000000-0000-0000-0000-000000000000 00000000-0000-0000-0000-000000000000 1                4990000.0           00000000-0000-0000-0000-000000000000 7.261855884383842e-06  2.5364509984416763e-22   7.415662239691971e-19        
4ead8b72-1b8e-46f7-a52c-927d37fc5411 27                     33.45333695608126   0.01724947473838962    2.3992274184971376        2.714447704197741    0.0                    0.01                   1.0                        0.0                             0.0                               00000000-0000-0000-0000-000000000000 00000000-0000-0000-0000-000000000000 1                4990000.0           00000000-0000-0000-0000-000000000000 0.00014113896000196086 2.206450381778017e-17    1.389676002626792e-17        
b697647c-232b-4ba4-8a8f-e50ca7162bb1 28                     16.321261994180265  -0.18369135064479633   1.8623295025996716        6.0                  2.88806073347045       0.99999999             -1.0                       0.0                             0.0                               00000000-0000-0000-0000-000000000000 00000000-0000-0000-0000-000000000000 1                4990000.0           00000000-0000-0000-0000-000000000000 4.294792824044668e-05  4.8701090462245445e-18   -1.0                         
b5c45ac4-c700-4f50-a296-ee5fea8c8d62 28                     12.292612062751132  0.10265458789267415    0.7340893409455234        6.0                  0.0                    0.01                   -1.0                       0.0                             0.0                               00000000-0000-0000-0000-000000000000 00000000-0000-0000-0000-000000000000 1                4990000.0           00000000-0000-0000-0000-000000000000 4.294792737533597e-05  3.667998297550767e-18    -1.0                         
f31c110f-0278-40f1-b4e4-bc5403296111 28                     33.38982247124926   0.04077237424824507    1.4689142466330578        1.0                  0.0                    0.01                   1.0                        0.0                             0.0                               00000000-0000-0000-0000-000000000000 00000000-0000-0000-0000-000000000000 1                4990000.0           00000000-0000-0000-0000-000000000000 0.0006312031120611994  5.97792290303455e-17     7.598360538211165e-17        
b413fbcc-6453-40f7-9752-a8e280372298 29                     16.67161508260621   -0.054076255650535504  2.888614328766562         6.0                  3.1019048678101107     0.99999999             -1.0                       0.0                             0.0                               00000000-0000-0000-0000-000000000000 00000000-0000-0000-0000-000000000000 1                4990000.0           00000000-0000-0000-0000-000000000000 4.294792831568135e-05  4.974651069134557e-18    -1.0                         
78aa2189-ad28-4e90-9628-5e3309e6dc16 30                     13.524642284187692  -0.0357754787400075    2.1283246977971078        6.0                  3.139617058185226      0.99999999             -1.0                       0.0                             0.0                               00000000-0000-0000-0000-000000000000 00000000-0000-0000-0000-000000000000 1                4990000.0           00000000-0000-0000-0000-000000000000 4.294792763990165e-05  4.035624375042795e-18    -1.0                         
16bf6d9d-3fa2-4143-a848-2a05a056432b 30                     10.34812551424312   0.09952406348090038    2.8002230395042225        4.168581994065938    0.0                    0.01                   1.0                        0.0                             0.0                               00000000-0000-0000-0000-000000000000 00000000-0000-0000-0000-000000000000 1                4990000.0           00000000-0000-0000-0000-000000000000 7.416287527955558e-05  4.444363161067226e-18    2.3026110854375014e-18       
669aa02b-e940-426c-97b4-2073dcc7cba1 30                     38.55124987076249   0.1762296631764333     0.0                       1.798133090714956    0.0                    0.01                   1.0                        0.0                             0.0                               00000000-0000-0000-0000-000000000000 00000000-0000-0000-0000-000000000000 1                4990000.0           00000000-0000-0000-0000-000000000000 0.0002617799573529589  3.8384229670811996e-17   3.189634109874128e-17        
0e117140-1ec4-4218-81b0-505beeb70fa4 32                     13.1177799114166    0.37395240568888316    0.0                       1.0                  0.0                    0.01                   1.0                        0.0                             0.0                               00000000-0000-0000-0000-000000000000 00000000-0000-0000-0000-000000000000 1                4990000.0           00000000-0000-0000-0000-000000000000 0.0006312030480823359  2.3485323121123468e-17   2.994608072092182e-17        
dd40ef16-e5ca-4e8a-85c3-5910c59e49be 33                     20.593313647948452  -0.13947866200392678   1.7105133115909832        6.0                  2.8860872757655316     0.99999999             -1.0                       0.0                             0.0                               00000000-0000-0000-0000-000000000000 00000000-0000-0000-0000-000000000000 1                4990000.0           00000000-0000-0000-0000-000000000000 4.294792915782535e-05  6.1448485493569346e-18   -1.0                         
3f99ae30-ea30-4a32-8aa6-57cf35408734 34                     10.646916513633236  0.21628189415212024    0.0                       28.83068106765929    0.0                    0.01                   1.0                        0.0                             0.0                               00000000-0000-0000-0000-000000000000 00000000-0000-0000-0000-000000000000 1                4990000.0           00000000-0000-0000-0000-000000000000 4.077432021552664e-06  1.652894578260686e-22    7.691318687675824e-19        
838f42a7-f8d5-4f22-af5d-b2e53396bf8a 35                     24.608874949423974  -0.014993877882278095  2.0060949148218175        6.0                  0.0                    0.01                   -1.0                       0.0                             0.0                               00000000-0000-0000-0000-000000000000 00000000-0000-0000-0000-000000000000 1                4990000.0           00000000-0000-0000-0000-000000000000 4.294793002012538e-05  7.343053775580157e-18    -1.0                         
df526c86-550d-4502-a39a-3ddb8a3cf026 35                     39.80861922746714   0.05719181409700837    2.8612459140955617        1.0                  0.0                    0.01                   1.0                        0.0                             0.0                               00000000-0000-0000-0000-000000000000 00000000-0000-0000-0000-000000000000 1                4990000.0           00000000-0000-0000-0000-000000000000 0.0006312031323190148  7.127107573661614e-17    9.035471552794456e-17        
8b643c10-7103-47e1-9b81-f0d5e458128c 36                     11.890900963238128  0.08339005973376902    1.4652631359934298        2.9796777583754035   0.0                    0.01                   1.0                        0.0                             0.0                               00000000-0000-0000-0000-000000000000 00000000-0000-0000-0000-000000000000 1                4990000.0           00000000-0000-0000-0000-000000000000 0.0001227199404745542  7.144661580078578e-18    4.388672284375756e-18        
485c0540-3c18-4b6c-822b-39e87b24e580 38                     10.78559025630068   -0.09063202883857535   3.0671539133638435        6.0                  2.9548517226670357     0.99999999             -1.0                       0.0                             0.0                               00000000-0000-0000-0000-000000000000 00000000-0000-0000-0000-000000000000 1                4990000.0           00000000-0000-0000-0000-000000000000 4.294792705171869e-05  3.2183173516123324e-18   -1.0                         
eb9054c3-c631-4593-a988-48bace3b3d19 38                     27.6988522222016    -0.19020660178073545   2.796144400062161         6.0                  3.1063987400821893     0.99999999             -1.0                       0.0                             0.0                               00000000-0000-0000-0000-000000000000 00000000-0000-0000-0000-000000000000 1                4990000.0           00000000-0000-0000-0000-000000000000 4.294793068366584e-05  8.265073547957343e-18    -1.0                         
4d71df79-cbb0-49ef-81f9-d41c0e022e02 39                     11.216971164612886  0.045221506706283825   0.2054577884404753        6.0                  3.0372789266996794     0.99999999             -1.0                       0.0                             0.0                               00000000-0000-0000-0000-000000000000 00000000-0000-0000-0000-000000000000 1                4990000.0           00000000-0000-0000-0000-000000000000 4.2947927144353255e-05 3.3470373038249097e-18   -1.0                         
f178d638-9c4d-49e6-a5f8-4141ae106359 39                     36.66674012822512   0.06634068196737175    0.23004870039404895       5.185294063392011    0.0                    0.01                   1.0                        0.0                             0.0                               00000000-0000-0000-0000-000000000000 00000000-0000-0000-0000-000000000000 1                4990000.0           00000000-0000-0000-0000-000000000000 5.345755020326036e-05  1.2660040922903207e-17   5.424637045122043e-18        
41417dc8-1371-4d2f-aedd-aa101d7708ca 41                     12.066431366974426  0.12500111110193687    0.6058559617906776        6.0                  0.0                    0.01                   -1.0                       0.0                             0.0                               00000000-0000-0000-0000-000000000000 00000000-0000-0000-0000-000000000000 1                4990000.0           00000000-0000-0000-0000-000000000000 4.294792732676601e-05  3.600508133311245e-18    -1.0                         
221bc356-2df8-43d6-ab8b-e7724917b495 41                     10.531783346469025  0.0038938110901840387  1.591921485413093         5.385542474282253    0.0                    0.01                   1.0                        0.0                             0.0                               00000000-0000-0000-0000-000000000000 00000000-0000-0000-0000-000000000000 1                4990000.0           00000000-0000-0000-0000-000000000000 5.050389794203124e-05  3.5011334178890634e-18   1.6354395342081471e-18       
2b202942-6a1c-4c34-91e1-0b6dba9e8a5a 42                     31.02206196641628   0.029321319180277878   1.1761478223052897        6.0                  2.1649262354959253     0.99999999             -1.0                       0.0                             0.0                               00000000-0000-0000-0000-000000000000 00000000-0000-0000-0000-000000000000 1                4990000.0           00000000-0000-0000-0000-000000000000 4.294793139729056e-05  9.256687667231483e-18    -1.0                         
079bba74-a2ca-4660-be13-e15608e3e323 42                     14.65560463851336   0.04786181763180205    1.6208052678699758        1.0                  0.0                    0.01                   1.0                        0.0                             0.0                               00000000-0000-0000-0000-000000000000 00000000-0000-0000-0000-000000000000 1                4990000.0           00000000-0000-0000-0000-000000000000 0.0006312030529357335  2.6238556584667743e-17   3.3456386674466575e-17       
efa87622-0e2f-4a09-a00a-cda08e53c3fb 42                     11.574309521367335  0.08733712078638463    0.13546469184800114       1.0                  0.0                    0.01                   1.0                        0.0                             0.0                               00000000-0000-0000-0000-000000000000 00000000-0000-0000-0000-000000000000 1                4990000.0           00000000-0000-0000-0000-000000000000 0.0006312030432111204  2.0721981985429798e-17   2.6631231594357945e-17       
1c767ba0-56b2-411b-b168-b01a8b396930 42                     24.548969035785845  0.1172368410998768     0.7258427353811838        1.0                  0.0                    0.01                   1.0                        0.0                             0.0                               00000000-0000-0000-0000-000000000000 00000000-0000-0000-0000-000000000000 1                4990000.0           00000000-0000-0000-0000-000000000000 0.000631203084159337   4.395107053092982e-17    5.66824448294785e-17         
297004ca-6a90-45ea-b08c-a66f9b2d1e7b 42                     11.807700449911216  0.016691741057875752   1.7895842055757258        1.0                  0.0                    0.01                   1.0                        0.0                             0.0                               00000000-0000-0000-0000-000000000000 00000000-0000-0000-0000-000000000000 1                4990000.0           00000000-0000-0000-0000-000000000000 0.0006312030439477055  2.113983175935547e-17    2.717279740644239e-17        
87b13027-7f82-4b8d-b7c2-a646c8398686 44                     21.83467180052098   -0.02080477384155064   2.1984342037692644        1.0                  0.0                    0.0                    1.0                        0.0                             0.0                               00000000-0000-0000-0000-000000000000 00000000-0000-0000-0000-000000000000 1                4990000.0           00000000-0000-0000-0000-000000000000 0.0006312030755929752  3.9091547955658683e-17   5.0118127638255515e-17       
62fc1dbb-1faf-43e6-a24b-8d9045883b24 44                     13.021208012273421  0.033808284883332346   0.11763781793395126       2.6418657467914914   0.0                    0.01                   1.0                        0.0                             0.0                               00000000-0000-0000-0000-000000000000 00000000-0000-0000-0000-000000000000 1                4990000.0           00000000-0000-0000-0000-000000000000 0.00014699513828478737 8.824228234488956e-18    5.808239286900337e-18        
99fcb58b-ef17-4a0c-85eb-dba100237332 44                     11.558248500361598  0.40733385344214235    3.1                       3.9896040799147414   3.1499305935779076     0.2880465190464208     -1.0                       0.0                             0.0                               00000000-0000-0000-0000-000000000000 00000000-0000-0000-0000-000000000000 1                4990000.0           00000000-0000-0000-0000-000000000000 7.920897348020094e-05  5.186787169162071e-18    2.723500638068006e-18        
bb7790b0-260e-4a2a-9785-d8edd7bed37b 44                     11.400843150655858  0.09750173932697315    2.5622008860833883        1.0                  0.0                    0.01                   1.0                        0.0                             0.0                               00000000-0000-0000-0000-000000000000 00000000-0000-0000-0000-000000000000 1                4990000.0           00000000-0000-0000-0000-000000000000 0.0006312030426636579  2.0411417713554652e-17   2.604021422336363e-17        
4635e655-5c43-47ae-8398-54ab1011640a 45                     13.936258690321784  0.17270643266222763    0.0                       3.080278193505945    0.0                    0.01                   1.0                        0.0                             0.0                               00000000-0000-0000-0000-000000000000 00000000-0000-0000-0000-000000000000 1                4990000.0           00000000-0000-0000-0000-000000000000 0.0001167573359693135  8.100138741203855e-18    4.848071354836886e-18        
bb2e7937-7c85-4b39-871f-44407b71b1d6 46                     38.395107715906526  -0.0728141152475078    2.063818053032067         6.0                  0.0                    0.01                   -1.0                       0.0                             0.0                               00000000-0000-0000-0000-000000000000 00000000-0000-0000-0000-000000000000 1                4990000.0           00000000-0000-0000-0000-000000000000 4.2947932980575345e-05 1.1456734257723293e-17   -1.0                         
609e058f-170d-40c7-8c83-efc387455cbe 46                     33.05801551387635   -0.1996426519686315    2.3915115132543603        6.0                  3.0769885878843906     0.99999999             -1.0                       0.0                             0.0                               00000000-0000-0000-0000-000000000000 00000000-0000-0000-0000-000000000000 1                4990000.0           00000000-0000-0000-0000-000000000000 4.294793183449038e-05  9.864196804252487e-18    -1.0                         
45b7fd93-5c34-4637-93b6-169a74acd0bf 46                     22.940289188244858  0.08447977562888219    0.0                       1.0                  0.0                    0.01                   1.0                        0.0                             0.0                               00000000-0000-0000-0000-000000000000 00000000-0000-0000-0000-000000000000 1                4990000.0           00000000-0000-0000-0000-000000000000 0.00063120307908232    4.1070982111009116e-17   5.245456903307338e-17        
3a4e8e03-740d-48b3-9a02-35c77260a67c 47                     12.065770205878742  -0.009988720930170806  2.6417803337527315        6.0                  3.015465596887519      0.99999999             -1.0                       0.0                             0.0                               00000000-0000-0000-0000-000000000000 00000000-0000-0000-0000-000000000000 1                4990000.0           00000000-0000-0000-0000-000000000000 4.2947927326624026e-05 3.600310849140801e-18    -1.0                         
7de64651-3a42-4d63-8c91-a02de69875fe 47                     37.35369980512114   0.1305501812917919     1.4352568388186335        2.6624463464484      0.0                    0.01                   1.0                        0.0                             0.0                               00000000-0000-0000-0000-000000000000 00000000-0000-0000-0000-000000000000 1                4990000.0           00000000-0000-0000-0000-000000000000 0.00014529405448275289 2.5118225746189944e-17   1.5980829970419332e-17       
dfc4cb3e-8242-40ba-b98c-c6bdfbe4a3f6 48                     10.242811973859233  0.04042916367018444    1.0309102584761585        3.9822821942022957   0.0                    0.01                   1.0                        0.0                             0.0                               00000000-0000-0000-0000-000000000000 00000000-0000-0000-0000-000000000000 1                4990000.0           00000000-0000-0000-0000-000000000000 7.942752560739667e-05  4.6049335563907425e-18   2.439505436008851e-18        
f1bb4c3c-3d83-4d42-80d5-2fbcb73d0125 48                     21.005939415712213  0.08271212443063411    2.9479393896840222        5.628521537305788    0.0                    0.01                   1.0                        0.0                             0.0                               00000000-0000-0000-0000-000000000000 00000000-0000-0000-0000-000000000000 1                4990000.0           00000000-0000-0000-0000-000000000000 4.7269129685306274e-05 6.6816538994961884e-18   2.8738494381694603e-18       
5c6b9810-decd-4e06-933a-1cbb7279007e 49                     21.364071676842876  0.013829568278679245   0.16813467532114257       6.0                  3.0168635365131253     0.99999999             -1.0                       0.0                             0.0                               00000000-0000-0000-0000-000000000000 00000000-0000-0000-0000-000000000000 1                4990000.0           00000000-0000-0000-0000-000000000000 4.294792932333763e-05  6.374835400270022e-18    -1.0                         
394e24de-5b21-4c6e-acaf-68c02be77b22 50                     10.509027921772839  0.03564812425572371    1.895395504253169         1.0                  0.0                    0.01                   1.0                        0.0                             0.0                               00000000-0000-0000-0000-000000000000 00000000-0000-0000-0000-000000000000 1                4990000.0           00000000-0000-0000-0000-000000000000 0.0006312030398490759  1.8814762718876167e-17   2.401977131604424e-17        
a25775c0-e815-4d12-8524-9ef30ac78fc5 50                     37.49858203617545   0.12975637865451106    2.2902582379662797        1.5823573030845282   0.0                    0.01                   1.0                        0.0                             0.0                               00000000-0000-0000-0000-000000000000 00000000-0000-0000-0000-000000000000 1                4990000.0           00000000-0000-0000-0000-000000000000 0.00031711172980668066 4.242740694464057e-17    3.858937213082703e-17        
7febff84-2958-4143-8bdf-e938e6b6120e 50                     14.071152857319374  0.26138523669766967    0.0                       1.0                  0.0                    0.01                   1.0                        0.0                             0.0                               00000000-0000-0000-0000-000000000000 00000000-0000-0000-0000-000000000000 1                4990000.0           00000000-0000-0000-0000-000000000000 0.000631203051091195   2.5192187532682726e-17   3.2111144419315614e-17       
d3cfbcbb-1a10-453c-bc84-92acccbb519c 51                     11.293126778209613  0.00533500530824043    1.5656112208817734        1.0                  0.0                    0.01                   1.0                        0.0                             0.0                               00000000-0000-0000-0000-000000000000 00000000-0000-0000-0000-000000000000 1                4990000.0           00000000-0000-0000-0000-000000000000 0.0006312030423237035  2.0218568479201086e-17   2.583449097448019e-17        
3505dcd0-dd22-45ec-8cfe-b609870165e7 51                     14.545266389549061  0.16893548792943527    0.08859539595442015       4.878722077200299    0.0                    0.01                   1.0                        0.0                             0.0                               00000000-0000-0000-0000-000000000000 00000000-0000-0000-0000-000000000000 1                4990000.0           00000000-0000-0000-0000-000000000000 5.8574686453181473e-05 5.3376709885164324e-18   2.512310830937894e-18        
3a8e02ef-e9cb-43c2-9d59-87ba9c5ea327 51                     39.129535307897285  0.14359603186496628    0.40747791637449005       5.6818087898581915   0.0                    0.01                   1.0                        0.0                             0.0                               00000000-0000-0000-0000-000000000000 00000000-0000-0000-0000-000000000000 1                4990000.0           00000000-0000-0000-0000-000000000000 4.660572008342852e-05  1.2329750138703876e-17   5.031362082922624e-18        
acff1d7a-1bdf-4d26-bd56-07fa4f9ce898 52                     19.23167308923215   0.0326949056358626     1.0324405729455488        6.0                  3.014802275192882      0.99999999             -1.0                       0.0                             0.0                               00000000-0000-0000-0000-000000000000 00000000-0000-0000-0000-000000000000 1                4990000.0           00000000-0000-0000-0000-000000000000 4.29479288654272e-05   5.7385479823373616e-18   -1.0                         
638d3d2d-3ae4-46d9-b479-1c704dc877b3 52                     11.524448461997196  0.027059302508152555   0.8377118194279609        6.0                  0.0                    0.01                   -1.0                       0.0                             0.0                               00000000-0000-0000-0000-000000000000 00000000-0000-0000-0000-000000000000 1                4990000.0           00000000-0000-0000-0000-000000000000 4.294792721038081e-05  3.438785599271301e-18    -1.0                         
8e6dd3c5-052c-477a-8219-69660ac7ee6b 52                     16.053842592377098  0.037925033352480556   0.9616724268441402        6.0                  0.0                    0.01                   -1.0                       0.0                             0.0                               00000000-0000-0000-0000-000000000000 00000000-0000-0000-0000-000000000000 1                4990000.0           00000000-0000-0000-0000-000000000000 4.294792818302113e-05  4.7903136450893894e-18   -1.0                         
08871a43-2197-4131-a9c0-01ef8a353e19 52                     16.3999872032169    0.19207731284913532    0.02607464943552186       5.350465327874725    0.0                    0.01                   1.0                        0.0                             0.0                               00000000-0000-0000-0000-000000000000 00000000-0000-0000-0000-000000000000 1                4990000.0           00000000-0000-0000-0000-000000000000 5.100136073827928e-05  5.487672116551429e-18    2.461390167409548e-18        
6f684847-1b84-4cd9-ba59-e45b937455c1 53                     11.812139644955348  0.02719312229000101    0.8723245968484092        6.0                  0.0                    0.01                   -1.0                       0.0                             0.0                               00000000-0000-0000-0000-000000000000 00000000-0000-0000-0000-000000000000 1                4990000.0           00000000-0000-0000-0000-000000000000 4.29479272721595e-05   3.5246299067239415e-18   -1.0                         
e95f7860-1c3c-4632-84b6-50edc9d7e3c0 54                     10.743241037678484  0.011409128222495502   1.3596715759158153        6.880218734415498    0.0                    0.01                   1.0                        0.0                             0.0                               00000000-0000-0000-0000-000000000000 00000000-0000-0000-0000-000000000000 1                4990000.0           00000000-0000-0000-0000-000000000000 3.4975643538027124e-05 6.988907341649486e-22    1.2291491670035516e-18       
e9675c48-484a-4580-9faa-10805748e793 54                     13.86809053048873   -0.016226548623613446  2.315959227818689         6.0                  2.8577106005796433     0.99999999             -1.0                       0.0                             0.0                               00000000-0000-0000-0000-000000000000 00000000-0000-0000-0000-000000000000 1                4990000.0           00000000-0000-0000-0000-000000000000 4.29479277136536e-05   4.1381060588621635e-18   -1.0                         
9b184a82-7bbd-4439-bd15-b72cd8869036 54                     37.4701743297057    0.038387638856485606   0.015778213065164116      3.6872041174920684   3.141321347014592      0.01                   -1.0                       1.5707963267948966              0.0                               00000000-0000-0000-0000-000000000000 00000000-0000-0000-0000-000000000000 1                4990000.0           00000000-0000-0000-0000-000000000000 8.91504152007746e-05   1.8193855170138407e-17   -1.0                         
078e48b1-3e3c-4792-826d-f9b21f84d5e6 55                     10.16897357324793   -0.1717433913371439    1.5994608151490317        1.0                  0.0                    0.0                    1.0                        0.0                             0.0                               00000000-0000-0000-0000-000000000000 00000000-0000-0000-0000-000000000000 1                4990000.0           00000000-0000-0000-0000-000000000000 0.0006312030387758593  1.8205948856486232e-17   2.347553410471269e-17        
c5370c24-bf39-406f-8d79-cbfc666c4c2c 55                     36.142511700764025  0.09957134083680551    2.033845747681377         3.768985461765996    0.0                    0.01                   1.0                        0.0                             0.0                               00000000-0000-0000-0000-000000000000 00000000-0000-0000-0000-000000000000 1                4990000.0           00000000-0000-0000-0000-000000000000 8.626456646763906e-05  1.7168409667112947e-17   8.781641112607293e-18        
d9ff35e4-c09e-4b18-82f6-293c9f43b991 55                     12.451012989154654  0.2884276202981549     0.0                       1.0                  0.0                    0.01                   1.0                        0.0                             0.0                               00000000-0000-0000-0000-000000000000 00000000-0000-0000-0000-000000000000 1                4990000.0           00000000-0000-0000-0000-000000000000 0.0006312030459780095  2.2291581747084232e-17   2.879399624205163e-17        
1ad2bc02-d254-40fa-89f7-fb625bd99931 56                     10.600216601844085  0.12811207201361985    0.1956477127440201        1.0                  0.0                    0.01                   1.0                        0.0                             0.0                               00000000-0000-0000-0000-000000000000 00000000-0000-0000-0000-000000000000 1                4990000.0           00000000-0000-0000-0000-000000000000 0.0006312030401368688  1.8978021717801596e-17   2.432576664476271e-17        
102910c8-19aa-47f3-9ef0-e3df64bf5d9e 57                     18.464469261389663  0.1191605442729173     0.5731998808055414        1.0                  0.0                    0.01                   1.0                        0.0                             0.0                               00000000-0000-0000-0000-000000000000 00000000-0000-0000-0000-000000000000 1                4990000.0           00000000-0000-0000-0000-000000000000 0.0006312030649565664  3.305773002689133e-17    4.2214944069803364e-17       
c07f8176-d8f2-4fe8-ad48-f59d3d719218 57                     16.58897072816356   0.2624696645117403     0.0                       1.0                  0.0                    0.01                   1.0                        0.0                             0.0                               00000000-0000-0000-0000-000000000000 00000000-0000-0000-0000-000000000000 1                4990000.0           00000000-0000-0000-0000-000000000000 0.0006312030590374654  2.9699944687950413e-17   3.8058233640222326e-17       
a5620176-3df8-44b7-b2d3-6331c4cc5ad7 58                     11.37874831613917   0.3158287939166557     0.0                       36.55485183789899    0.0                    0.01                   1.0                        0.0                             0.0                               00000000-0000-0000-0000-000000000000 00000000-0000-0000-0000-000000000000 1                4990000.0           00000000-0000-0000-0000-000000000000 2.85595619347138e-06   1.393239157108708e-22    8.376609682308059e-19        
2540e08c-ab74-43db-8306-6a92bb67ac93 58                     11.772423605973165  0.0517405774999949     0.19556102476662252       1.0                  0.0                    0.01                   1.0                        0.0                             0.0                               00000000-0000-0000-0000-000000000000 00000000-0000-0000-0000-000000000000 1                4990000.0           00000000-0000-0000-0000-000000000000 0.0006312030438363714  2.107667411498476e-17    2.695194988913964e-17        
61d4a18a-cf25-47e3-b221-4349711ae82e 59                     11.156019797664026  0.10647758262888139    1.2450085597749951        6.0                  3.1181954555449365     0.99999999             -1.0                       0.0                             0.0                               00000000-0000-0000-0000-000000000000 00000000-0000-0000-0000-000000000000 1                4990000.0           00000000-0000-0000-0000-000000000000 4.2947927131264584e-05 3.3288499967610764e-18   -1.0                         
d4ecc09f-0d0b-4f32-b9c4-83e1427fced4 59                     37.93949027272621   0.16546149464216567    0.24997083344101423       6.0                  2.5881037372883595     0.99999999             -1.0                       0.0                             0.0                               00000000-0000-0000-0000-000000000000 00000000-0000-0000-0000-000000000000 1                4990000.0           00000000-0000-0000-0000-000000000000 4.294793288273624e-05  1.1320782354467192e-17   -1.0                         
27242544-4df9-4664-9632-025eb3e13e4c 59                     14.552476269588844  0.03791127727419362    1.3940481136333283        1.0                  0.0                    0.01                   1.0                        0.0                             0.0                               00000000-0000-0000-0000-000000000000 00000000-0000-0000-0000-000000000000 1                4990000.0           00000000-0000-0000-0000-000000000000 0.0006312030526102589  2.6053921449492245e-17   3.322051920039228e-17        
80fd62d6-30f1-4609-aad4-29e233fe65f1 59                     10.091878139096965  0.09209816345517324    1.838075407543681         5.34833937813132     0.0                    0.01                   1.0                        0.0                             0.0                               00000000-0000-0000-0000-000000000000 00000000-0000-0000-0000-000000000000 1                4990000.0           00000000-0000-0000-0000-000000000000 5.10317714949183e-05   3.378230198541186e-18    1.5887772017683659e-18       
86ffd402-b4f2-4abe-b6bc-c1587cfb7fce 60                     16.491973730483615  0.16085425494481956    0.20380714587144422       5.918466739635161    0.0                    0.01                   1.0                        0.0                             0.0                               00000000-0000-0000-0000-000000000000 00000000-0000-0000-0000-000000000000 1                4990000.0           00000000-0000-0000-0000-000000000000 4.3838458822164306e-05 4.988840540666674e-18    2.1550786489842993e-18       
e0443b0c-6cd8-42ca-872b-f436d1f9b219 61                     14.627593495469377  -0.016917857110433695  1.807656690285002         6.0                  0.0                    0.01                   -1.0                       0.0                             0.0                               00000000-0000-0000-0000-000000000000 00000000-0000-0000-0000-000000000000 1                4990000.0           00000000-0000-0000-0000-000000000000 4.294792787674897e-05  4.364734505958075e-18    -1.0                         
5c3278c5-0d36-4d35-bdb0-190f57d29f30 62                     12.38874191558398   0.09227152809455644    1.0379778346453943        1.0                  0.0                    0.01                   1.0                        0.0                             0.0                               00000000-0000-0000-0000-000000000000 00000000-0000-0000-0000-000000000000 1                4990000.0           00000000-0000-0000-0000-000000000000 0.000631203045781481   2.218009517742211e-17    2.827376463154719e-17        
4e01c631-2057-4894-bf50-48a50c92c8a3 63                     28.058707525509696  -0.07028952702907464   1.8955397465163102        6.0                  2.757397514761499      0.99999999             -1.0                       0.0                             0.0                               00000000-0000-0000-0000-000000000000 00000000-0000-0000-0000-000000000000 1                4990000.0           00000000-0000-0000-0000-000000000000 4.294793076094102e-05  8.372450941237201e-18    -1.0                         
e78eb74b-9eaa-4e88-b102-5a1378deb6ae 64                     39.49458273911791   0.28481171952614776    0.7045314766372821        42.86047445937377    0.0                    0.01                   1.0                        0.0                             0.0                               00000000-0000-0000-0000-000000000000 00000000-0000-0000-0000-000000000000 1                4990000.0           00000000-0000-0000-0000-000000000000 2.249488012863391e-06  4.1243618774268625e-22   1.6253519281681429e-18       
82a601f6-110c-4813-ae7b-f8de70521f6e 64                     20.793030811915532  0.11953053446375302    2.1466796119653013        3.9385788714083834   2.852916890671088      0.9992473511911445     -1.0                       0.0                             0.0                               00000000-0000-0000-0000-000000000000 00000000-0000-0000-0000-000000000000 1                4990000.0           00000000-0000-0000-0000-000000000000 8.075320795907083e-05  9.451798403116482e-18    4.8310305260120625e-18       
e4ca3ab9-c356-41a5-a1a4-2c5295bbb185 65                     10.85458342930352   0.08473557316763103    1.304401061624596         29.272435394237633   0.0                    0.01                   1.0                        0.0                             0.0                               00000000-0000-0000-0000-000000000000 00000000-0000-0000-0000-000000000000 1                4990000.0           00000000-0000-0000-0000-000000000000 3.9854815065574144e-06 1.659703512885459e-22    7.792026447911833e-19        
a2734771-b0c2-4980-aae6-dfab4d894955 65                     10.50996940033562   0.08664412452624726    1.15997974819626          6.0                  3.138674428096702      0.99999999             -1.0                       0.0                             0.0                               00000000-0000-0000-0000-000000000000 00000000-0000-0000-0000-000000000000 1                4990000.0           00000000-0000-0000-0000-000000000000 4.294792699253197e-05  3.1360747147107124e-18   -1.0                         
936d98cc-0c4c-4158-afbf-761b6a640ac3 65                     10.420433735962133  -0.01847726080574041   2.6285376836988927        1.762964977871969    0.0                    0.0                    1.0                        0.0                             0.0                               00000000-0000-0000-0000-000000000000 00000000-0000-0000-0000-000000000000 1                4990000.0           00000000-0000-0000-0000-000000000000 0.00026965194312199075 1.0582257156718666e-17   9.1001792211634e-18          
bf0a237a-05d2-4861-a89d-de358cec98a6 65                     11.690478103292813  0.030295615909234897   0.5475417388224992        5.07456650066287     0.0                    0.01                   1.0                        0.0                             0.0                               00000000-0000-0000-0000-000000000000 00000000-0000-0000-0000-000000000000 1                4990000.0           00000000-0000-0000-0000-000000000000 5.5216727255791715e-05 4.124483060697099e-18    1.9471489652612364e-18       
3bfd8a96-f610-4d01-876f-0111e057f4ad 65                     22.662302586824126  0.014361465161751935   1.2502765844676982        1.0                  0.0                    0.01                   1.0                        0.0                             0.0                               00000000-0000-0000-0000-000000000000 00000000-0000-0000-0000-000000000000 1                4990000.0           00000000-0000-0000-0000-000000000000 0.0006312030782049902  4.057329079420122e-17    5.181205708380018e-17        
e47fc3f3-f77c-4225-b1a3-095df90f3540 66                     12.143969419140502  0.1288271666096131     1.735263532023541         39.99655233094058    0.0                    0.01                   1.0                        0.0                             0.0                               00000000-0000-0000-0000-000000000000 00000000-0000-0000-0000-000000000000 1                4990000.0           00000000-0000-0000-0000-000000000000 2.4953717239714357e-06 1.3589839141129663e-22   8.83039274020974e-19         
b03656d6-5ba2-4f61-a2f5-a9654c0a20b7 67                     17.584333221095577  0.12077780335567344    0.4039171409454371        6.0                  0.0                    0.01                   -1.0                       0.0                             0.0                               00000000-0000-0000-0000-000000000000 00000000-0000-0000-0000-000000000000 1                4990000.0           00000000-0000-0000-0000-000000000000 4.294792851167809e-05  5.246997463947365e-18    -1.0                         
4fa35293-726b-4d8d-b8fa-d927a80a296a 67                     14.909280652235761  -0.027385661194403912  2.20369108867535          6.0                  3.1412359448284737     0.01                   -1.0                       1.5707963267948966              0.0                               00000000-0000-0000-0000-000000000000 00000000-0000-0000-0000-000000000000 1                4990000.0           00000000-0000-0000-0000-000000000000 4.2947927937238354e-05 4.448787269210231e-18    -1.0                         
709fce1d-8157-435f-a107-a1efff89e7fa 68                     20.932680659699958  0.07490998299811599    1.3579796409125404        6.0                  0.0                    0.01                   -1.0                       0.0                             0.0                               00000000-0000-0000-0000-000000000000 00000000-0000-0000-0000-000000000000 1                4990000.0           00000000-0000-0000-0000-000000000000 4.2947929230700884e-05 6.246112431678689e-18    -1.0                         
e8bb6280-0df9-4d48-9173-0a4c34ca09df 68                     19.872753465957935  0.15215970954116906    2.9700718783372455        5.20834107097944     0.0                    0.01                   1.0                        0.0                             0.0                               00000000-0000-0000-0000-000000000000 00000000-0000-0000-0000-000000000000 1                4990000.0           00000000-0000-0000-0000-000000000000 5.310311255848935e-05  6.831165828185373e-18    3.04910137364054e-18         
a92f56c6-937f-4557-82da-dd5de9b16fb7 69                     33.922001755255394  0.03241080679344837    0.2673913966346366        5.047215162032689    0.0                    0.01                   1.0                        0.0                             0.0                               00000000-0000-0000-0000-000000000000 00000000-0000-0000-0000-000000000000 1                4990000.0           00000000-0000-0000-0000-000000000000 5.5666178006928335e-05 1.2032776579249108e-17   5.251527194694168e-18        
f5742a8c-7a15-4250-b77a-430419fb7dd0 69                     10.562768839708355  0.0229231856886917     1.6017988434428156        1.0                  0.0                    0.01                   1.0                        0.0                             0.0                               00000000-0000-0000-0000-000000000000 00000000-0000-0000-0000-000000000000 1                4990000.0           00000000-0000-0000-0000-000000000000 0.000631203040018683   1.8910977385615848e-17   2.4316881247596194e-17       
2d4ad076-055f-4544-b4f5-cac08eed8aff 70                     36.59641022737521   0.08384338465487526    1.4620067148230793        6.0                  3.1201221215291812     0.99999999             -1.0                       0.0                             0.0                               00000000-0000-0000-0000-000000000000 00000000-0000-0000-0000-000000000000 1                4990000.0           00000000-0000-0000-0000-000000000000 4.2947932594323795e-05 1.0920020067764124e-17   -1.0                         
5e335fe8-0481-4b86-a73f-43cacc929b3e 71                     12.778521807057434  0.09351932412716489    0.3150800970485558        34.13722922011379    0.0                    0.01                   1.0                        0.0                             0.0                               00000000-0000-0000-0000-000000000000 00000000-0000-0000-0000-000000000000 1                4990000.0           00000000-0000-0000-0000-000000000000 3.1646572780394724e-06 1.6754387608061529e-22   8.748908904712761e-19        
02016878-6dac-4943-911d-cf07964baa79 71                     13.677922397135712  0.058333596846247615   1.1347321718128038        6.0                  3.139979758563254      0.99999999             -1.0                       0.0                             0.0                               00000000-0000-0000-0000-000000000000 00000000-0000-0000-0000-000000000000 1                4990000.0           00000000-0000-0000-0000-000000000000 4.294792767281696e-05  4.081361700069539e-18    -1.0                         
610fcfdf-dca1-4e22-988b-0bc08e7747ce 71                     11.020010144266728  -0.11012103083763314   1.762177273503742         6.0                  3.0943826445056692     0.99999999             -1.0                       0.0                             0.0                               00000000-0000-0000-0000-000000000000 00000000-0000-0000-0000-000000000000 1                4990000.0           00000000-0000-0000-0000-000000000000 4.294792710205792e-05  3.288266012286088e-18    -1.0                         
3f7afee4-ab71-4d84-a1ae-d3303dd58b53 71                     14.469725312196617  -0.10619746215344002   2.699246233108718         6.0                  0.0                    0.99999999             -1.0                       0.0                             0.0                               00000000-0000-0000-0000-000000000000 00000000-0000-0000-0000-000000000000 1                4990000.0           00000000-0000-0000-0000-000000000000 4.294792784284841e-05  4.31762814446827e-18     -1.0                         
2bcac93e-0684-40b2-b0fe-96d44c0741f8 73                     10.171097486525834  0.059729002861763865   0.2612073967647582        1.0                  0.0                    0.01                   1.0                        0.0                             0.0                               00000000-0000-0000-0000-000000000000 00000000-0000-0000-0000-000000000000 1                4990000.0           00000000-0000-0000-0000-000000000000 0.0006312030387825623  1.8209751389380493e-17   2.325995383806993e-17        
3c1ab078-44d5-41a9-887d-c063e5f79e45 73                     16.694769832189518  -0.06602973983545668   2.7745601958618327        6.0                  3.1412544798137683     0.01                   -1.0                       1.5707963267948966              0.0                               00000000-0000-0000-0000-000000000000 00000000-0000-0000-0000-000000000000 1                4990000.0           00000000-0000-0000-0000-000000000000 4.29479283206536e-05   4.9815602257579195e-18   -1.0                         
dc4e0286-82bd-4e09-bfa4-4f864c50a165 74                     11.228319508188473  0.014691655351014167   1.1656662800182702        6.0                  0.0                    0.01                   -1.0                       0.0                             0.0                               00000000-0000-0000-0000-000000000000 00000000-0000-0000-0000-000000000000 1                4990000.0           00000000-0000-0000-0000-000000000000 4.294792714679019e-05  3.3504235414042613e-18   -1.0                         
0a12cd32-0208-4e00-837c-c3dadb48fdce 74                     10.65169064402428   0.24649677491972066    0.0                       1.0                  0.0                    0.01                   1.0                        0.0                             0.0                               00000000-0000-0000-0000-000000000000 00000000-0000-0000-0000-000000000000 1                4990000.0           00000000-0000-0000-0000-000000000000 0.0006312030402993215  1.9070177899801578e-17   2.4615878011690456e-17       
8806ee60-2b61-4ba9-8349-03ad5e217aad 75                     32.895418081218644  0.018970291241358933   2.2749207814460504        1.0                  0.0                    0.01                   1.0                        0.0                             0.0                               00000000-0000-0000-0000-000000000000 00000000-0000-0000-0000-000000000000 1                4990000.0           00000000-0000-0000-0000-000000000000 0.0006312031105008521  5.889407567888047e-17    7.4825729026355e-17          
eb2753b7-78a4-475b-9450-a6b62cbe4bae 78                     11.83429079307847   0.011962108646779322   0.2720551040199508        6.0                  0.0                    0.01                   -1.0                       0.0                             0.0                               00000000-0000-0000-0000-000000000000 00000000-0000-0000-0000-000000000000 1                4990000.0           00000000-0000-0000-0000-000000000000 4.294792727691623e-05  3.531239598235368e-18    -1.0                         
751fd232-35be-4a32-b3a7-55d51998845c 79                     12.521115603475613  0.262884756923216      1.319950314548654         6.0                  0.0                    0.99999999             -1.0                       0.0                             0.0                               00000000-0000-0000-0000-000000000000 00000000-0000-0000-0000-000000000000 1                4990000.0           00000000-0000-0000-0000-000000000000 4.294792742440472e-05  3.736181576587242e-18    -1.0                         
23ffce94-cf76-4916-8d5d-3b9a3510f4ae 79                     27.283177178197043  0.10253515036526716    0.9835277821561221        6.0                  0.0                    0.01                   -1.0                       0.0                             0.0                               00000000-0000-0000-0000-000000000000 00000000-0000-0000-0000-000000000000 1                4990000.0           00000000-0000-0000-0000-000000000000 4.294793059440395e-05  8.141040075985738e-18    -1.0                         
99bb782c-2702-4c77-9453-d2f72d883a1a 80                     14.340208885117374  0.1461174627197772     0.6446685234853167        27.248567207375185   0.0                    0.01                   1.0                        0.0                             0.0                               00000000-0000-0000-0000-000000000000 00000000-0000-0000-0000-000000000000 1                4990000.0           00000000-0000-0000-0000-000000000000 4.437655490890768e-06  2.35552661041833e-22     8.864195274840065e-19        
b95c6988-9ddc-43e2-a219-e566989ca8da 81                     13.229111125799376  0.1377519302349136     0.5697704903170804        43.36291556248004    0.0                    0.01                   1.0                        0.0                             0.0                               00000000-0000-0000-0000-000000000000 00000000-0000-0000-0000-000000000000 1                4990000.0           00000000-0000-0000-0000-000000000000 2.210504357487532e-06  1.3654896041105038e-22   9.380329823601717e-19        
f8c1324d-b9dd-412d-819b-8b7665efa1d0 82                     10.494605853458863  0.08681448275458752    0.13518803708242688       1.0                  0.0                    0.01                   1.0                        0.0                             0.0                               00000000-0000-0000-0000-000000000000 00000000-0000-0000-0000-000000000000 1                4990000.0           00000000-0000-0000-0000-000000000000 0.0006312030398035594  1.8788942272374104e-17   2.4277441168159978e-17       
e8b438cd-cb00-4bc5-9f71-0338ac42de7a 82                     12.25502974286707   0.11073186599978986    0.0                       1.0                  0.0                    0.01                   1.0                        0.0                             0.0                               00000000-0000-0000-0000-000000000000 00000000-0000-0000-0000-000000000000 1                4990000.0           00000000-0000-0000-0000-000000000000 0.0006312030453594835  2.1940704548619816e-17   2.8144703417609295e-17       
4b6c4ebb-ae48-4f08-9925-20a16d40581c 83                     14.63187252612417   0.07943932212166432    1.2747103569714777        6.0                  0.0                    0.01                   -1.0                       0.0                             0.0                               00000000-0000-0000-0000-000000000000 00000000-0000-0000-0000-000000000000 1                4990000.0           00000000-0000-0000-0000-000000000000 4.294792787766784e-05  4.366011327928609e-18    -1.0                         
f8192a7c-d4d8-43a2-a28c-b9f988094f24 83                     25.304318158414777  0.22288298284145955    1.0068967350644522        1.0                  0.0                    0.01                   1.0                        0.0                             0.0                               00000000-0000-0000-0000-000000000000 00000000-0000-0000-0000-000000000000 1                4990000.0           00000000-0000-0000-0000-000000000000 0.00063120308654323    4.530340441166207e-17    5.790835532099264e-17        
6d0886d9-2f21-4c2c-b281-0129abe1e5d0 85                     22.679947855023283  0.06500554588750607    0.7024103802147383        1.0                  0.0                    0.01                   1.0                        0.0                             0.0                               00000000-0000-0000-0000-000000000000 00000000-0000-0000-0000-000000000000 1                4990000.0           00000000-0000-0000-0000-000000000000 0.000631203078260679   4.0604881873485546e-17   5.173840818786817e-17        
c308a226-bda5-48f2-a73b-f97d8c167802 86                     11.571767509282084  0.10959005911299625    0.31364969262818043       36.180467131319006   0.0                    0.01                   1.0                        0.0                             0.0                               00000000-0000-0000-0000-000000000000 00000000-0000-0000-0000-000000000000 1                4990000.0           00000000-0000-0000-0000-000000000000 2.9003995519074314e-06 1.4315342334540183e-22   8.428621542302837e-19        
649605b5-3483-4a6d-b432-c25f3bb12261 86                     37.42620372575366   -0.02188632887120171   2.2650215119527948        6.0                  0.0                    0.01                   -1.0                       0.0                             0.0                               00000000-0000-0000-0000-000000000000 00000000-0000-0000-0000-000000000000 1                4990000.0           00000000-0000-0000-0000-000000000000 4.294793277251331e-05  1.116762254019501e-17    -1.0                         
f859872a-4822-4eda-bfb2-ab77ab4d6c5c 86                     17.49524020359809   -0.189518705346652     1.6152464148213588        6.0                  0.0                    0.01                   -1.0                       0.0                             0.0                               00000000-0000-0000-0000-000000000000 00000000-0000-0000-0000-000000000000 1                4990000.0           00000000-0000-0000-0000-000000000000 4.294792849254629e-05  5.2204129565346e-18      -1.0                         
95a11087-3db9-40a4-a9a9-6095123f0da2 86                     26.068857127280545  -0.18022291279064762   2.2624986252949313        6.0                  0.0                    0.01                   -1.0                       0.0                             0.0                               00000000-0000-0000-0000-000000000000 00000000-0000-0000-0000-000000000000 1                4990000.0           00000000-0000-0000-0000-000000000000 4.2947930333641356e-05 7.77869854460851e-18     -1.0                         
c5f644d1-d3a9-4307-810a-54635f11512d 86                     11.62100558109331   0.08999981087080235    0.45283784945471117       1.0                  0.0                    0.01                   1.0                        0.0                             0.0                               00000000-0000-0000-0000-000000000000 00000000-0000-0000-0000-000000000000 1                4990000.0           00000000-0000-0000-0000-000000000000 0.0006312030433584939  2.080558394083335e-17    2.6733131419277436e-17       
ee25294d-7932-4a21-982a-9906420532c9 87                     38.15139487601203   0.10415119680350965    0.822626748790701         6.0                  3.141281505062083      0.01                   -1.0                       1.5707963267948966              0.0                               00000000-0000-0000-0000-000000000000 00000000-0000-0000-0000-000000000000 1                4990000.0           00000000-0000-0000-0000-000000000000 4.2947932928240554e-05 1.1384012668750912e-17   -1.0                         
eeac1a54-6464-4be3-af8c-d8cf3efb8040 88                     30.55252094884537   0.05300536496358689    0.0770923451190913        6.0                  2.909090019501881      0.99999999             -1.0                       0.0                             0.0                               00000000-0000-0000-0000-000000000000 00000000-0000-0000-0000-000000000000 1                4990000.0           00000000-0000-0000-0000-000000000000 4.2947931296461505e-05 9.116581102061398e-18    -1.0                         
a9de5d9c-f27a-4baa-ae01-17c4cb8d6e86 88                     14.516693895033669  0.00791989276168501    0.8226476157191963        6.0                  0.0                    0.01                   -1.0                       0.0                             0.0                               00000000-0000-0000-0000-000000000000 00000000-0000-0000-0000-000000000000 1                4990000.0           00000000-0000-0000-0000-000000000000 4.2947927852934425e-05 4.331643122001539e-18    -1.0                         
af6cb536-c749-478f-b03a-a29df569a03c 88                     38.80733471556801   0.07791978086609906    0.8041991432599557        1.0                  0.0                    0.01                   1.0                        0.0                             0.0                               00000000-0000-0000-0000-000000000000 00000000-0000-0000-0000-000000000000 1                4990000.0           00000000-0000-0000-0000-000000000000 0.0006312031291589464  6.947843319672555e-17    8.892125444771571e-17        
f3e4bb6c-14f7-4057-83af-349fd836426d 88                     15.222310352597246  -0.040717937201620466  1.5784824970766222        1.0                  0.0                    0.0                    1.0                        0.0                             0.0                               00000000-0000-0000-0000-000000000000 00000000-0000-0000-0000-000000000000 1                4990000.0           00000000-0000-0000-0000-000000000000 0.000631203054724265   2.7253154092761605e-17   8.538780344751845e-19        
7470cae5-47ed-4f39-8925-0b29c32d490d 89                     10.136093085236809  -0.06230529714999548   2.500146973820405         1.0                  0.0                    0.0                    1.0                        0.0                             0.0                               00000000-0000-0000-0000-000000000000 00000000-0000-0000-0000-000000000000 1                4990000.0           00000000-0000-0000-0000-000000000000 0.0006312030386720879  1.8147081510751204e-17   2.3412795264799005e-17       
192525e2-003b-4ad5-a88e-240f77f18b15 90                     18.349589084490706  0.1488544009923181     0.07603890373064798       1.0                  0.0                    0.01                   1.0                        0.0                             0.0                               00000000-0000-0000-0000-000000000000 00000000-0000-0000-0000-000000000000 1                4990000.0           00000000-0000-0000-0000-000000000000 0.0006312030645940029  3.285205512664881e-17    4.2042970407351066e-17       
ce00df7e-f9fd-461e-83b3-965c915d6fb6 91                     10.523251683071353  -0.05244797456403042   1.5919690752689948        6.0                  0.0                    0.01                   -1.0                       0.0                             0.0                               00000000-0000-0000-0000-000000000000 00000000-0000-0000-0000-000000000000 1                4990000.0           00000000-0000-0000-0000-000000000000 4.29479269953842e-05   3.140038021306051e-18    -1.0                         
b79e74b0-b0fe-4a48-9a82-a5df5a0526bd 91                     33.98656993865591   0.05806939566311428    0.6692039661858042        6.0                  0.0                    0.01                   -1.0                       0.0                             0.0                               00000000-0000-0000-0000-000000000000 00000000-0000-0000-0000-000000000000 1                4990000.0           00000000-0000-0000-0000-000000000000 4.294793203388778e-05  1.014126859598301e-17    -1.0                         
bf97e170-7e69-4869-9f55-791e8e12806f 91                     15.174946496836949  0.08669326182949962    0.09655978863948816       1.0                  0.0                    0.01                   1.0                        0.0                             0.0                               00000000-0000-0000-0000-000000000000 00000000-0000-0000-0000-000000000000 1                4990000.0           00000000-0000-0000-0000-000000000000 0.000631203054574784   2.7168356553520627e-17   3.4963141012694296e-17       
530dcc29-91e7-4cfd-a73f-aa8c626efe79 91                     16.834910076098993  0.07772944665028499    0.6609192428732793        2.409138197280276    0.0                    0.01                   1.0                        0.0                             0.0                               00000000-0000-0000-0000-000000000000 00000000-0000-0000-0000-000000000000 1                4990000.0           00000000-0000-0000-0000-000000000000 0.0001688015869604433  1.2510805925746635e-17   8.662910810046663e-18        
3e3b82e4-7150-4564-8706-6bb1d0b854a8 91                     15.0061892071785    0.1266414921138684     0.43438756379084564       2.3239156534726155   0.0                    0.01                   1.0                        0.0                             0.0                               00000000-0000-0000-0000-000000000000 00000000-0000-0000-0000-000000000000 1                4990000.0           00000000-0000-0000-0000-000000000000 0.00017817162853952682 1.1560756566602018e-17   8.218007830519471e-18        
7ef46807-1bb8-4e5d-ad3f-67a803f3080b 91                     12.583734957113435  0.06336530896511298    0.35561232440106233       1.0                  0.0                    0.01                   1.0                        0.0                             0.0                               00000000-0000-0000-0000-000000000000 00000000-0000-0000-0000-000000000000 1                4990000.0           00000000-0000-0000-0000-000000000000 0.000631203046396882   2.2529199569904276e-17   2.901474187846241e-17        
b665f3fc-1f50-4d8b-8d2e-e2d2330f41e8 92                     20.63058086964068   0.14187783786837116    1.643475183129592         22.24948340867667    0.0                    0.01                   1.0                        0.0                             0.0                               00000000-0000-0000-0000-000000000000 00000000-0000-0000-0000-000000000000 1                4990000.0           00000000-0000-0000-0000-000000000000 6.014357034189737e-06  4.150187638135919e-22    1.0479516857371639e-18       
27aad24a-f345-49d1-9b56-3dca4df62403 92                     30.506680664678647  -0.06816360444809906   1.9499173124154143        6.0                  3.127643145356565      0.99999999             -1.0                       0.0                             0.0                               00000000-0000-0000-0000-000000000000 00000000-0000-0000-0000-000000000000 1                4990000.0           00000000-0000-0000-0000-000000000000 4.294793128661778e-05  9.102902798099275e-18    -1.0                         
1aa0888f-d07f-4deb-9767-37583e88e7cc 92                     16.225994146360023  -0.13363163589673635   2.7487271060837504        6.0                  3.127765024150982      0.99999999             -1.0                       0.0                             0.0                               00000000-0000-0000-0000-000000000000 00000000-0000-0000-0000-000000000000 1                4990000.0           00000000-0000-0000-0000-000000000000 4.294792821998889e-05  4.841682028286279e-18    -1.0                         
c1f3bdd2-1e27-4a7f-a8bb-b51251055da4 92                     10.883179069328584  0.07714002332757099    1.3831157839653996        6.0                  3.139529201247153      0.01                   -1.0                       1.5707963267948966              0.0                               00000000-0000-0000-0000-000000000000 00000000-0000-0000-0000-000000000000 1                4990000.0           00000000-0000-0000-0000-000000000000 4.2947927072674874e-05 3.247436923451017e-18    -1.0                         
c67986aa-d24f-4b79-bbae-8f1aa48e270f 92                     14.721589893694915  6.987109295976113e-05  1.1485876750029396        2.997290025903602    0.0                    0.0                    1.0                        0.0                             0.0                               00000000-0000-0000-0000-000000000000 00000000-0000-0000-0000-000000000000 1                4990000.0           00000000-0000-0000-0000-000000000000 0.00012163986743304689 8.79350766356861e-18     5.310784403174554e-20        
57c26e8d-63a7-41bd-9548-b3e6acb7f8dd 92                     14.426336385990226  0.0009415529307636457  2.1185157100640164        1.0                  0.0                    0.01                   1.0                        0.0                             0.0                               00000000-0000-0000-0000-000000000000 00000000-0000-0000-0000-000000000000 1                4990000.0           00000000-0000-0000-0000-000000000000 0.0006312030522121595  2.5828087814168316e-17   3.3183036877922335e-17       
8119194d-99ec-44f9-848d-6c6796f6263a 93                     30.77536653735929   0.17357839637468173    1.5056197600807908        6.0                  0.0                    0.01                   -1.0                       0.0                             0.0                               00000000-0000-0000-0000-000000000000 00000000-0000-0000-0000-000000000000 1                4990000.0           00000000-0000-0000-0000-000000000000 4.2947931344315275e-05 9.183076102075482e-18    -1.0                         
e2028a46-c28b-4327-8c2f-6387faae8638 93                     13.278563657173532  0.036234972679042195   0.0                       2.374883684575143    0.0                    0.01                   1.0                        0.0                             0.0                               00000000-0000-0000-0000-000000000000 00000000-0000-0000-0000-000000000000 1                4990000.0           00000000-0000-0000-0000-000000000000 0.0001724668264071849  1.0010250733894132e-17   7.040580283616248e-18        
ac416f02-5519-45d4-a3ec-983e1d98e4fb 94                     14.483620586212478  0.06109705690185699    0.8482078645406695        6.0                  0.0                    0.01                   -1.0                       0.0                             0.0                               00000000-0000-0000-0000-000000000000 00000000-0000-0000-0000-000000000000 1                4990000.0           00000000-0000-0000-0000-000000000000 4.294792784583228e-05  4.321774361820123e-18    -1.0                         
f3504bda-7ad8-49a1-9a62-3f63eeb48e32 94                     19.67032483793495   0.01336813905735075    1.8709297969166896        1.0                  3.132961325013752      0.9979736783305276     -1.0                       0.0                             0.0                               00000000-0000-0000-0000-000000000000 00000000-0000-0000-0000-000000000000 1                4990000.0           00000000-0000-0000-0000-000000000000 0.0006312030687622643  3.5216624904211775e-17   4.476461900086357e-17        
a729a517-7baf-448c-bfaa-bb0ece554184 94                     37.24324139540943   0.06384021928020754    0.3854828628097826        1.0                  0.0                    0.01                   1.0                        0.0                             0.0                               00000000-0000-0000-0000-000000000000 00000000-0000-0000-0000-000000000000 1                4990000.0           00000000-0000-0000-0000-000000000000 0.0006312031242226454  6.66781699461167e-17     8.467985675094469e-17        
16515fda-cba3-403c-8cd7-ee78dee99834 95                     11.78492335310947   0.04435902630102196    0.9900502001419667        48.83894035951024    0.0                    0.01                   1.0                        0.0                             0.0                               00000000-0000-0000-0000-000000000000 00000000-0000-0000-0000-000000000000 1                4990000.0           00000000-0000-0000-0000-000000000000 1.8493526568028032e-06 1.0800322853162548e-22   9.055989872827806e-19        
1005502f-d550-419d-b5c9-e1445e70557b 95                     37.535357982425126  0.29800548795820353    0.0                       1.0                  0.0                    0.01                   1.0                        0.0                             0.0                               00000000-0000-0000-0000-000000000000 00000000-0000-0000-0000-000000000000 1                4990000.0           00000000-0000-0000-0000-000000000000 0.0006312031251445696  6.720115878122687e-17    8.529292196609869e-17        
3888c2a1-201e-4ede-9dac-18b0b105ec2b 96                     32.9714417812225    0.12294216279563089    1.101672261023031         6.0                  2.519781625112168      0.99999999             -1.0                       0.0                             0.0                               00000000-0000-0000-0000-000000000000 00000000-0000-0000-0000-000000000000 1                4990000.0           00000000-0000-0000-0000-000000000000 4.294793181589958e-05  9.838364027429637e-18    -1.0                         
ab39da5c-8d87-445c-8bec-eb7d3532692f 97                     11.221905962125009  0.01187860189189586    1.437446294554629         42.34667134226825    0.0                    0.01                   1.0                        0.0                             0.0                               00000000-0000-0000-0000-000000000000 00000000-0000-0000-0000-000000000000 1                4990000.0           00000000-0000-0000-0000-000000000000 2.2905520541713756e-06 1.1861061427870444e-22   8.592657475625807e-19        
2b9d9870-7d58-434b-82a6-993946ce0371 97                     33.46198182892743   0.09794487614645067    0.3487393104128482        1.0                  0.0                    0.01                   1.0                        0.0                             0.0                               00000000-0000-0000-0000-000000000000 00000000-0000-0000-0000-000000000000 1                4990000.0           00000000-0000-0000-0000-000000000000 0.0006312031122889354  5.990841901849353e-17    7.641586960727909e-17        
a18758a5-c991-49f7-9805-85314e111050 98                     12.106582307334204  0.01350160793433701    1.0107122973989384        6.0                  3.1265030798912576     0.99999999             -1.0                       0.0                             0.0                               00000000-0000-0000-0000-000000000000 00000000-0000-0000-0000-000000000000 1                4990000.0           00000000-0000-0000-0000-000000000000 4.2947927335388004e-05 3.6124887912977585e-18   -1.0                         
03c728bc-e882-42fd-896b-b7a8d14e21b5 98                     11.68080092898753   0.0033836729632586     1.6263965925245492        1.0                  0.0                    0.01                   1.0                        0.0                             0.0                               00000000-0000-0000-0000-000000000000 00000000-0000-0000-0000-000000000000 1                4990000.0           00000000-0000-0000-0000-000000000000 0.0006312030435472088  2.091263811279834e-17    2.6697184638019812e-17       
01911478-2c49-4562-a6c4-54b975aa1627 99                     10.364702364788606  0.13666279327361744    0.3977100347723984        1.0                  0.0                    0.01                   1.0                        0.0                             0.0                               00000000-0000-0000-0000-000000000000 00000000-0000-0000-0000-000000000000 1                4990000.0           00000000-0000-0000-0000-000000000000 0.0006312030393935822  1.855637049372069e-17    2.3768060356127848e-17       
55b92b47-a3ba-4124-8d2e-c4210b0b2db6 99                     17.00854958044897   0.22280096148423773    0.0                       1.0                  0.0                    0.01                   1.0                        0.0                             0.0                               00000000-0000-0000-0000-000000000000 00000000-0000-0000-0000-000000000000 1                4990000.0           00000000-0000-0000-0000-000000000000 0.0006312030603616626  3.0451134674918944e-17   3.890194623460397e-17        
