unique_id::uuid.UUID                 galaxy_id::numpy.int64 mass::numpy.float64 spin::numpy.float64  spin_angle::numpy.float64 orb_a::numpy.float64 orb_inc::numpy.float64 orb_ecc::numpy.float64 orb_ang_mom::numpy.float64 orb_arg_periapse::numpy.float64 migration_velocity::numpy.float64 parent_unique_id::uuid.UUID          parent_unique_id_2::uuid.UUID        gen::numpy.int64 time::numpy.float64 progenitor_unique_id::uuid.UUID      gw_freq::numpy.float64 gw_strain::numpy.float64 gw_char_strain::numpy.float64 
01accca2-a82a-498f-adb0-407232e61497 0                      14.241928850288428  0.4182544197209301   3.0302000000000002        50079.93857423644    0.0                    0.26386354094007436    0.0                        0.0                             0.0                               00000000-0000-0000-0000-000000000000 00000000-0000-0000-0000-000000000000 1                4990000.0           c5f991da-dfc2-446b-a68c-05201b78d9e0 -1.0                   -1.0                     -1.0                         
5cf078f5-fad3-4b83-83dc-5258ec662214 1                      41.331315350733355  0.07961189798151692  1.8219741000077474        50173.57142561805    0.0                    0.7353028903195213     0.0                        0.0                             0.0                               00000000-0000-0000-0000-000000000000 00000000-0000-0000-0000-000000000000 1                4990000.0           da6b6c9f-24fc-475f-99d3-d3a2ecef3ff9 -1.0                   -1.0                     -1.0                         
e9317068-ac23-4edd-bbd6-4973b5544d61 2                      41.14632657945277   0.20659416303987826  2.9883200000000003        50022.51997612775    0.0                    0.03178689435311357    0.0                        0.0                             0.0                               00000000-0000-0000-0000-000000000000 00000000-0000-0000-0000-000000000000 1                4990000.0           ee37ac29-85a0-43cc-8a02-06bfd6706443 -1.0                   -1.0                     -1.0                         
751310a4-3bfc-4027-99b2-0c29471cc8ad 2                      36.50477199585962   0.1555093181688579   3.08604                   50074.46168101122    0.0                    0.7198168382201406     0.0                        0.0                             0.0                               00000000-0000-0000-0000-000000000000 00000000-0000-0000-0000-000000000000 1                4990000.0           ca12b2c4-f2d0-4de8-ac5a-fd1bd40f2a02 -1.0                   -1.0                     -1.0                         
79333ef4-23a4-4f76-964f-b343aef23208 3                      34.90562639546413   0.022626789205405645 0.6178852807161922        50145.062471484      0.0                    0.25447842633827517    0.0                        0.0                             0.0                               00000000-0000-0000-0000-000000000000 00000000-0000-0000-0000-000000000000 1                4990000.0           03f05cd7-abf2-4edb-bdad-f4fc1492ea87 -1.0                   -1.0                     -1.0                         
a44588fe-e813-407d-bfe1-fa6c5fb8fbf6 3                      61.43685990257782   0.5538030689410054   0.0                       50087.30415012985    0.0                    0.12002546688540058    0.0                        0.0                             0.0                               00000000-0000-0000-0000-000000000000 00000000-0000-0000-0000-000000000000 2                4990000.0           3330f4a0-483d-4858-bfd6-01681d64a1b0 -1.0                   -1.0                     -1.0                         
025dbaab-cecf-4df2-b82f-150dcfcbda91 3                      43.30064807643787   0.5778359904744474   0.0                       50171.07291231272    0.0                    0.5896015789356309     0.0                        0.0                             0.0                               00000000-0000-0000-0000-000000000000 00000000-0000-0000-0000-000000000000 2                4990000.0           fbc81fcb-450e-4380-a99f-41e577387309 -1.0                   -1.0                     -1.0                         
082dcf2d-5ad5-44c2-8883-9bd4c4f9cefc 4                      12.326370840448648  0.03464793596246059  1.7805043369358364        50118.631137865596   0.0                    0.519573645578576      0.0                        0.0                             0.0                               00000000-0000-0000-0000-000000000000 00000000-0000-0000-0000-000000000000 1                4990000.0           0fd0ea77-879e-468d-bca2-f927553c8717 -1.0                   -1.0                     -1.0                         
9c5dd30b-1942-445c-bf69-65f52bc4c169 4                      46.01895213104667   0.7009222432977826   0.0                       50187.37723250245    0.0                    0.22885620125261347    0.0                        0.0                             0.0                               00000000-0000-0000-0000-000000000000 00000000-0000-0000-0000-000000000000 2                4990000.0           adc74f35-0c78-423d-9e4a-ad6d6a1bee7d -1.0                   -1.0                     -1.0                         
34ba56fd-42f5-4af7-9ac3-af5a8cc01e99 6                      19.075015261558693  0.2868748228963333   2.9394600000000004        50118.44676028246    0.0                    0.6643900325213941     0.0                        0.0                             0.0                               00000000-0000-0000-0000-000000000000 00000000-0000-0000-0000-000000000000 1                4990000.0           d52a1a0c-19d9-4df1-9aba-6b9ee01274c8 -1.0                   -1.0                     -1.0                         
551ff13c-c6f3-4374-a3df-12d29bc1db5a 7                      25.105940019513604  0.19519148087544572  2.9464400000000004        50168.380870024834   0.0                    0.6773761800063357     0.0                        0.0                             0.0                               00000000-0000-0000-0000-000000000000 00000000-0000-0000-0000-000000000000 1                4990000.0           e0ba80a6-68a1-4dbe-8af5-d9aec5187808 -1.0                   -1.0                     -1.0                         
188ffa48-2bbc-441b-b646-e8d494df3f74 7                      38.236141176250584  0.26539551973525977  2.9743600000000003        50191.008177848795   0.0                    0.6128532765229376     0.0                        0.0                             0.0                               00000000-0000-0000-0000-000000000000 00000000-0000-0000-0000-000000000000 1                4990000.0           d714e5be-1194-4281-9ed2-c58bd27226db -1.0                   -1.0                     -1.0                         
1c60f4a7-b1fd-4db0-b125-9229b176398a 8                      25.764579918160383  0.3843794388499517   3.0058936336881836        50146.808943748336   0.0                    0.28437112877333975    0.0                        0.0                             0.0                               00000000-0000-0000-0000-000000000000 00000000-0000-0000-0000-000000000000 1                4990000.0           9a8f7b43-96a7-47a9-ad6a-7566fac8892d -1.0                   -1.0                     -1.0                         
6474d0b4-0305-464b-b37e-57447ac168c7 9                      16.634174775534966  0.1643325042377722   3.03718                   50176.64034207938    0.0                    0.6347449497131953     0.0                        0.0                             0.0                               00000000-0000-0000-0000-000000000000 00000000-0000-0000-0000-000000000000 1                4990000.0           feb1a4c1-9d55-4ea0-9f90-b7f391f93e98 -1.0                   -1.0                     -1.0                         
7acf68a3-bc71-4a21-88b9-fb5f2848872c 9                      369.926678738717    0.12369081206651449  0.0                       50365.88999398021    0.0                    0.6320277254638592     0.0                        0.0                             0.0                               00000000-0000-0000-0000-000000000000 00000000-0000-0000-0000-000000000000 9                4990000.0           bd1a621b-d740-4c34-8f4b-1c90d5971c34 -1.0                   -1.0                     -1.0                         
5213227c-d571-4231-9a5a-fb66b6554ca6 9                      19.407118408606365  0.2892914629106116   3.05114                   50165.508691399686   0.0                    0.024124659585817533   0.0                        0.0                             0.0                               00000000-0000-0000-0000-000000000000 00000000-0000-0000-0000-000000000000 1                4990000.0           74a316d3-5d8f-4ffa-ac50-8e9e5a52696e -1.0                   -1.0                     -1.0                         
f3732532-2d05-4f3a-87e9-ccf53733291a 10                     22.143412213877493  0.14417528839476124  2.2843369896978793        50150.4365759559     0.0                    0.8076096888817763     0.0                        0.0                             0.0                               00000000-0000-0000-0000-000000000000 00000000-0000-0000-0000-000000000000 1                4990000.0           8c5757ed-c9c7-4217-a629-c443b9efbc8f -1.0                   -1.0                     -1.0                         
baab86d7-fce5-4605-a762-5257e954d427 10                     40.04403380883453   0.06159991916873213  2.027058415038034         50238.72593263164    0.0                    0.5099781635653543     0.0                        0.0                             0.0                               00000000-0000-0000-0000-000000000000 00000000-0000-0000-0000-000000000000 1                4990000.0           cb378d4c-695d-46d7-b57f-9c0cc58ddb1d -1.0                   -1.0                     -1.0                         
c0148f1f-2886-453a-8937-dd9f474369eb 10                     69.29863798476846   0.6641596508436686   0.0                       50241.67692501693    0.0                    0.10434783396021294    0.0                        0.0                             0.0                               00000000-0000-0000-0000-000000000000 00000000-0000-0000-0000-000000000000 2                4990000.0           ff0cd1cf-dc38-4fd3-baad-5539ca5f40e1 -1.0                   -1.0                     -1.0                         
755fbf99-c418-4bb7-8cdb-b88584f413a5 11                     300.5695250223717   0.8618019517895568   0.0                       50254.13107651817    0.0                    0.7457063617011521     0.0                        0.0                             0.0                               00000000-0000-0000-0000-000000000000 00000000-0000-0000-0000-000000000000 7                4990000.0           8e035ce9-eb86-4fe1-b6aa-ea79117f0ec0 -1.0                   -1.0                     -1.0                         
d4e005da-7af0-44fd-bc92-a5956ad64c8e 13                     32.250672505771306  0.2254994861481439   2.9582966749280253        50231.42639405172    0.0                    0.4821655346228167     0.0                        0.0                             0.0                               00000000-0000-0000-0000-000000000000 00000000-0000-0000-0000-000000000000 1                4990000.0           a40ea0bd-7884-4146-b003-119064723736 -1.0                   -1.0                     -1.0                         
8cdae172-20fd-4d58-84ee-8ec2e8cd1d47 13                     15.862846802638133  0.36770900764779885  3.09302                   50005.6363388866     0.0                    0.3416432292039612     0.0                        0.0                             0.0                               00000000-0000-0000-0000-000000000000 00000000-0000-0000-0000-000000000000 1                4990000.0           efe4983c-c1ca-4374-b336-9534bee19c3d -1.0                   -1.0                     -1.0                         
812070ae-ce49-44a4-ba18-c05060bc5c64 14                     122.00401623615494  0.653280601857528    0.0                       50325.30704384385    0.0                    0.6988314682418517     0.0                        0.0                             0.0                               00000000-0000-0000-0000-000000000000 00000000-0000-0000-0000-000000000000 4                4990000.0           d61940a6-6a25-44c6-87fa-5b039f0ff664 -1.0                   -1.0                     -1.0                         
c08815ad-a574-4eda-b944-d7fc7ee8829a 14                     106.26119218921279  0.833378240765356    0.0                       50043.173559498675   0.0                    0.3727069584478556     0.0                        0.0                             0.0                               00000000-0000-0000-0000-000000000000 00000000-0000-0000-0000-000000000000 4                4990000.0           db95da20-2905-497b-a88a-5644aafb3c38 -1.0                   -1.0                     -1.0                         
6cb832b7-2ab4-49a8-83ab-30f27cc21164 15                     13.191726318739773  0.18168302242758128  3.0232200000000002        50101.16989972058    0.0                    0.30964050094372375    0.0                        0.0                             0.0                               00000000-0000-0000-0000-000000000000 00000000-0000-0000-0000-000000000000 1                4990000.0           e367828c-c51d-46b0-84c2-812288841a56 -1.0                   -1.0                     -1.0                         
61548be1-3058-4a6e-aca3-a6c4c346e004 15                     19.292281277621445  0.049803059014299385 1.1547678768875698        50139.935535949444   0.0                    0.33468826560489434    0.0                        0.0                             0.0                               00000000-0000-0000-0000-000000000000 00000000-0000-0000-0000-000000000000 1                4990000.0           47ead2a7-c616-4037-bd4f-651e8210994d -1.0                   -1.0                     -1.0                         
1b77a028-9d7b-41c1-9ec2-74e19909f3a5 15                     21.055246236793604  0.2538036108671046   2.9426867421965754        50160.68889654604    0.0                    0.23700282086462807    0.0                        0.0                             0.0                               00000000-0000-0000-0000-000000000000 00000000-0000-0000-0000-000000000000 1                4990000.0           b58ce862-e7f5-4a54-b6b6-41885f286cb1 -1.0                   -1.0                     -1.0                         
a7682cca-3def-4276-8a7e-e8e3cd0c9f7d 15                     13.588170788771874  0.22680093197584583  3.07208                   50134.71874825121    0.0                    0.3098596603328373     0.0                        0.0                             0.0                               00000000-0000-0000-0000-000000000000 00000000-0000-0000-0000-000000000000 1                4990000.0           217d7906-867b-4040-9f7d-f61aa5c5d124 -1.0                   -1.0                     -1.0                         
a0d658b1-e2ee-456a-aef0-d5f2647b9e65 16                     32.89678484811982   0.15684129035813382  3.0651                    50190.89515214362    0.0                    0.09767318240488969    0.0                        0.0                             0.0                               00000000-0000-0000-0000-000000000000 00000000-0000-0000-0000-000000000000 1                4990000.0           cf312fba-389c-4044-8255-d252d0f6e2c1 -1.0                   -1.0                     -1.0                         
17de0152-5317-425c-ac83-dccaef980fbc 16                     65.84470501179514   0.5702141092025101   0.0                       50051.45659920319    0.0                    0.27517100771123343    0.0                        0.0                             0.0                               00000000-0000-0000-0000-000000000000 00000000-0000-0000-0000-000000000000 2                4990000.0           ccf581ee-b407-4b75-b8b1-e727db03b858 -1.0                   -1.0                     -1.0                         
cb9a2f6c-c9da-4069-9e16-4cebae13bdc0 16                     11.579973515519574  0.05609207797485279  1.7241081400796727        50148.904882487106   0.0                    0.22360149877599703    0.0                        0.0                             0.0                               00000000-0000-0000-0000-000000000000 00000000-0000-0000-0000-000000000000 1                4990000.0           cf0fe209-0cd4-4832-ab70-13d2134dc04e -1.0                   -1.0                     -1.0                         
638f5e13-b190-476a-9237-aff3f7bcdd96 18                     66.34979268392702   0.7230585533892248   0.0                       50128.83952579606    0.0                    0.1417391136914086     0.0                        0.0                             0.0                               00000000-0000-0000-0000-000000000000 00000000-0000-0000-0000-000000000000 3                4990000.0           22740172-5321-473a-8efd-5a692077b5a9 -1.0                   -1.0                     -1.0                         
f707e2e5-9526-4b65-8815-993a44dbb076 19                     20.70273818643769   0.22107477010544876  3.08604                   50107.11461850371    0.0                    0.27053271761902553    0.0                        0.0                             0.0                               00000000-0000-0000-0000-000000000000 00000000-0000-0000-0000-000000000000 1                4990000.0           0251efdf-da40-4bd3-870f-f52b41223069 -1.0                   -1.0                     -1.0                         
e60d2b2a-2013-43a8-a03c-ba2dc5e277f9 19                     11.427508386955923  0.1818079986200676   2.5368423856281344        50174.4907160982     0.0                    0.6000828699892891     0.0                        0.0                             0.0                               00000000-0000-0000-0000-000000000000 00000000-0000-0000-0000-000000000000 1                4990000.0           e1dac9be-eb90-43c0-97f4-e34bf2e9c3c1 -1.0                   -1.0                     -1.0                         
433f68ea-6445-4c21-bf21-03891e32b375 21                     16.17062615324834   0.04701327958221757  1.6279677834641852        50158.688149125715   0.0                    0.35601884972928344    0.0                        0.0                             0.0                               00000000-0000-0000-0000-000000000000 00000000-0000-0000-0000-000000000000 1                4990000.0           3632b4ae-6628-464c-a526-d584b6bd2518 -1.0                   -1.0                     -1.0                         
d8af1873-2b13-4c25-bb29-9e542090eaaf 21                     17.817541335936255  0.1481406486272763   2.234733945480686         50157.57869637413    0.0                    0.7830339916452188     0.0                        0.0                             0.0                               00000000-0000-0000-0000-000000000000 00000000-0000-0000-0000-000000000000 1                4990000.0           6efe4669-9c0f-41e1-a957-2a39d032c6b8 -1.0                   -1.0                     -1.0                         
485d994d-deac-4012-b64a-c7e590b810c0 22                     27.133307694476297  0.22164334446830297  3.07906                   50119.9671402168     0.0                    0.3240888433446168     0.0                        0.0                             0.0                               00000000-0000-0000-0000-000000000000 00000000-0000-0000-0000-000000000000 1                4990000.0           68e36e03-a417-4b50-a218-7ba3b951a5c4 -1.0                   -1.0                     -1.0                         
2292cc11-8e9a-45f6-a8f1-995f87be0c5d 23                     18.74108062783979   0.04174575098623668  1.321261346634502         50103.34050921752    0.0                    0.40172158451441287    0.0                        0.0                             0.0                               00000000-0000-0000-0000-000000000000 00000000-0000-0000-0000-000000000000 1                4990000.0           eec05dfa-e78d-4343-91ba-c6ce06beb750 -1.0                   -1.0                     -1.0                         
feaece79-3ecc-430a-bcf2-af8e0d3ecebd 23                     44.69272986074006   0.6187201637617868   0.0                       50089.3506914538     0.0                    0.6180107997309247     0.0                        0.0                             0.0                               00000000-0000-0000-0000-000000000000 00000000-0000-0000-0000-000000000000 2                4990000.0           7f7baac8-8b0a-453d-9b76-83375f265286 -1.0                   -1.0                     -1.0                         
d1e21e78-3a7a-4efc-8e7b-b65c9937ba14 24                     21.335529601540134  0.03692520682655104  1.944024718662247         50112.98531743126    0.0                    0.7265750144319693     0.0                        0.0                             0.0                               00000000-0000-0000-0000-000000000000 00000000-0000-0000-0000-000000000000 1                4990000.0           5fac9661-e7b9-4366-a36f-e22cc7fcd276 -1.0                   -1.0                     -1.0                         
0bf1212f-9f64-453c-9e3c-e96c2327134f 25                     20.882324213743054  0.23069842636620244  2.519751800378557         50125.72307144549    0.0                    0.8588932869956158     0.0                        0.0                             0.0                               00000000-0000-0000-0000-000000000000 00000000-0000-0000-0000-000000000000 1                4990000.0           b7ccc563-1ed9-4883-9110-578d2b69f1ea -1.0                   -1.0                     -1.0                         
d2564566-ff3b-4864-81c4-6965a9bff4c2 25                     153.75010702878205  0.39811028195141074  0.0                       50046.48431709329    0.0                    0.306713074209645      0.0                        0.0                             0.0                               00000000-0000-0000-0000-000000000000 00000000-0000-0000-0000-000000000000 8                4990000.0           4e4dd459-3e3b-48b8-8e26-b419cd23c359 -1.0                   -1.0                     -1.0                         
6fd35676-b5dd-4382-befa-f156f8aec864 26                     30.342589287478923  0.2223836200941033   1.5392072480036967        50158.01751037599    0.0                    0.6633972930713845     0.0                        0.0                             0.0                               00000000-0000-0000-0000-000000000000 00000000-0000-0000-0000-000000000000 1                4990000.0           adac486b-47af-404c-b6ef-d7f17ea228f6 -1.0                   -1.0                     -1.0                         
4357257f-5624-45ac-81ef-b86cb7d297a5 27                     114.84058773767396  0.292432152586883    0.0                       50086.9435109877     0.0                    0.06775791041752961    0.0                        0.0                             0.0                               00000000-0000-0000-0000-000000000000 00000000-0000-0000-0000-000000000000 4                4990000.0           8ba2b090-b6bc-4605-839a-75c229a6861e -1.0                   -1.0                     -1.0                         
85a497e5-abda-4504-8de3-ce6e9bfce205 27                     36.091219484584194  0.4010338631564484   3.04416                   50081.418881345766   0.0                    0.2387626947862327     0.0                        0.0                             0.0                               00000000-0000-0000-0000-000000000000 00000000-0000-0000-0000-000000000000 1                4990000.0           9fa01ee8-3acb-46e8-9e99-513e9a8b7692 -1.0                   -1.0                     -1.0                         
cabd506b-9871-4f0c-b759-b0e539f4de16 31                     38.19224341169481   0.1050224284456087   2.160069328540605         50162.34762313327    0.0                    0.10271991260063823    0.0                        0.0                             0.0                               00000000-0000-0000-0000-000000000000 00000000-0000-0000-0000-000000000000 1                4990000.0           d7df9d07-f0dd-44ac-b519-04c46214ba6a -1.0                   -1.0                     -1.0                         
ced6109e-6226-4688-b59c-8e97f3a9f73b 31                     77.22102396404482   0.6661849480249485   0.0                       50292.73840171222    0.0                    0.8002684912192268     0.0                        0.0                             0.0                               00000000-0000-0000-0000-000000000000 00000000-0000-0000-0000-000000000000 3                4990000.0           e6906c45-d437-46a5-8b67-61adec04b067 -1.0                   -1.0                     -1.0                         
88c84b8a-e568-47d9-844c-996917ed8ff4 32                     14.387400531175167  0.05796752993361147  0.938140036962404         50144.74408940239    0.0                    0.517363082841917      0.0                        0.0                             0.0                               00000000-0000-0000-0000-000000000000 00000000-0000-0000-0000-000000000000 1                4990000.0           b6df30f3-2d3b-4c9c-9cbd-adbe7d6d245e -1.0                   -1.0                     -1.0                         
77bdb19f-4f7b-4526-bdc4-fc36d333c927 32                     63.19783481495965   0.6796549121760248   0.0                       50253.934713870374   0.0                    0.2004620169808053     0.0                        0.0                             0.0                               00000000-0000-0000-0000-000000000000 00000000-0000-0000-0000-000000000000 2                4990000.0           7b3bbd9b-59d4-40d1-868a-e87158b6ccec -1.0                   -1.0                     -1.0                         
fd248691-f4d6-45de-bcb3-2f29d7cc64b3 36                     108.3923948502582   0.12520205532965437  0.0                       50302.0452952728     0.0                    0.07540446946552054    0.0                        0.0                             0.0                               00000000-0000-0000-0000-000000000000 00000000-0000-0000-0000-000000000000 4                4990000.0           9b7579fa-416a-4ffd-8553-efc51e426c73 -1.0                   -1.0                     -1.0                         
96869023-8710-4784-a039-695dca33b314 36                     26.079468672922214  0.21136110617834758  3.08604                   50068.87580422554    0.0                    0.4939161113558337     0.0                        0.0                             0.0                               00000000-0000-0000-0000-000000000000 00000000-0000-0000-0000-000000000000 1                4990000.0           06233262-2426-4494-96f8-25fa51da51df -1.0                   -1.0                     -1.0                         
a49c8285-23c0-4e63-993c-238f68fb37e2 38                     24.17230894371895   0.14329315840996384  0.4954064596409118        50171.70810016811    0.0                    0.5066187338231074     0.0                        0.0                             0.0                               00000000-0000-0000-0000-000000000000 00000000-0000-0000-0000-000000000000 1                4990000.0           98f4750a-352b-40f5-b6f7-efbfcd7d7830 -1.0                   -1.0                     -1.0                         
a0bf6146-52c5-4777-9b33-9cf861cbc85f 39                     35.46326099691749   0.03317005752980238  0.9200226466020321        50210.478699085856   0.0                    0.5758565150075288     0.0                        0.0                             0.0                               00000000-0000-0000-0000-000000000000 00000000-0000-0000-0000-000000000000 1                4990000.0           ea4f37c5-b1d2-4672-8405-ceca8f63bfda -1.0                   -1.0                     -1.0                         
639cef66-2437-4401-8af2-12dc4ef2e3db 39                     80.87537840139703   0.8422349125662538   0.0                       50069.14138548507    0.0                    0.12615235095229824    0.0                        0.0                             0.0                               00000000-0000-0000-0000-000000000000 00000000-0000-0000-0000-000000000000 3                4990000.0           d11eb060-40dc-4340-b3da-7bdfe7f702e8 -1.0                   -1.0                     -1.0                         
f7b29b5b-f887-43b8-9162-8611d15f8241 40                     12.53202605025996   0.48585487489594925  3.07208                   50002.67506988062    0.0                    0.3263974287317432     0.0                        0.0                             0.0                               00000000-0000-0000-0000-000000000000 00000000-0000-0000-0000-000000000000 1                4990000.0           e304904d-a7d8-42e0-9348-4c8d0134eb50 -1.0                   -1.0                     -1.0                         
ed351809-2ca1-4ebf-9695-be752ffea417 41                     37.08609676011281   0.05134117739952049  1.867203962177466         50230.97093342601    0.0                    0.054526696487009266   0.0                        0.0                             0.0                               00000000-0000-0000-0000-000000000000 00000000-0000-0000-0000-000000000000 1                4990000.0           124a810c-5cf6-484f-8525-9ad343f01595 -1.0                   -1.0                     -1.0                         
d92e0162-1e3f-488c-9acd-8cd02e72cb9b 41                     49.829468372177175  0.5613992068481395   0.0                       50142.146548341385   0.0                    0.22148935560808605    0.0                        0.0                             0.0                               00000000-0000-0000-0000-000000000000 00000000-0000-0000-0000-000000000000 2                4990000.0           9c4a0496-1678-48b2-9221-353de1f062e1 -1.0                   -1.0                     -1.0                         
cee140b3-936e-40b8-957c-562ef594d8c0 41                     43.171724452850555  0.5298528837210272   0.0                       50097.94025509835    0.0                    0.6259488603417982     0.0                        0.0                             0.0                               00000000-0000-0000-0000-000000000000 00000000-0000-0000-0000-000000000000 3                4990000.0           6eabb080-899a-4b3f-a833-ac6272ad3a83 -1.0                   -1.0                     -1.0                         
9f2ad47a-8ced-4e6a-ab9c-6d77a2facd7a 42                     32.82841698065415   0.20752350709416906  1.2622813867583589        50163.15470807766    0.0                    0.7242793373715597     0.0                        0.0                             0.0                               00000000-0000-0000-0000-000000000000 00000000-0000-0000-0000-000000000000 1                4990000.0           0bd14253-3c6c-43a3-a579-3a2b57c73893 -1.0                   -1.0                     -1.0                         
0c5e5331-0915-4ef1-b7c9-631139f13fd2 43                     32.00769340904341   0.2066205465787699   2.3276801781124865        50164.23164798445    0.0                    0.6276406612587815     0.0                        0.0                             0.0                               00000000-0000-0000-0000-000000000000 00000000-0000-0000-0000-000000000000 1                4990000.0           d8e3ed93-ef5a-4042-9302-fb1770f9b08e -1.0                   -1.0                     -1.0                         
1bbc499c-a371-47bf-bb10-597b51b5c13a 43                     64.4394830016731    0.650751587611678    0.0                       50099.32818174007    0.0                    0.6784726872514882     0.0                        0.0                             0.0                               00000000-0000-0000-0000-000000000000 00000000-0000-0000-0000-000000000000 2                4990000.0           69f4076d-0aa3-44b7-aa96-fa8bdb0ead8d -1.0                   -1.0                     -1.0                         
9a0107d9-625c-4742-9ffc-04d141089976 44                     25.46411103793154   0.023475668719903937 1.217642038588813         50154.44480948843    0.0                    0.0658221073691889     0.0                        0.0                             0.0                               00000000-0000-0000-0000-000000000000 00000000-0000-0000-0000-000000000000 1                4990000.0           2fd75736-4ed7-49f2-bf77-f0d9f0d726ca -1.0                   -1.0                     -1.0                         
d3eb0a44-89b8-4afc-9301-a4e93cdc9228 44                     34.92458287842828   0.015365304606037355 0.7617579361155962        50129.65393257707    0.0                    0.7051793752869933     0.0                        0.0                             0.0                               00000000-0000-0000-0000-000000000000 00000000-0000-0000-0000-000000000000 1                4990000.0           8aba3e44-4551-4800-bb8e-a50d4751c4f6 -1.0                   -1.0                     -1.0                         
d8665996-9085-4b59-86b2-f4c7be96c29b 45                     12.20365044631658   0.21229735991794615  3.0651                    50062.94183504158    0.0                    0.4300792326598368     0.0                        0.0                             0.0                               00000000-0000-0000-0000-000000000000 00000000-0000-0000-0000-000000000000 1                4990000.0           5b871e07-ca79-4498-b025-463c5445aff9 -1.0                   -1.0                     -1.0                         
80442bad-7fc0-4085-9d23-63ecab8f3449 45                     15.763209394015096  0.2863627604896957   3.0651                    50033.547212564794   0.0                    0.6571709645998663     0.0                        0.0                             0.0                               00000000-0000-0000-0000-000000000000 00000000-0000-0000-0000-000000000000 1                4990000.0           672b69b9-7cde-416d-9f76-fe125e413291 -1.0                   -1.0                     -1.0                         
7ee12f77-fc52-4d91-ba67-ba79b83d0121 46                     13.051796980809431  0.08070709265610919  1.5305973416295549        50193.14868179871    0.0                    0.044165157372694344   0.0                        0.0                             0.0                               00000000-0000-0000-0000-000000000000 00000000-0000-0000-0000-000000000000 1                4990000.0           2d9d71ab-b5eb-4c78-ac39-07b9f29a9dbe -1.0                   -1.0                     -1.0                         
e7ac38a1-2ced-423e-9ef8-be5b46580987 48                     15.89390756404788   0.103154264658508    3.0568524188420474        50011.39656504486    0.0                    0.6756804354543249     0.0                        0.0                             0.0                               00000000-0000-0000-0000-000000000000 00000000-0000-0000-0000-000000000000 1                4990000.0           1d9599a9-00b2-4b71-a9f3-14cf84225ee1 -1.0                   -1.0                     -1.0                         
03d8c300-a010-42c4-bc45-efd349c992db 48                     35.90807443624099   0.16921593267533716  2.7053313403844723        50131.04179093211    0.0                    0.7503381503917607     0.0                        0.0                             0.0                               00000000-0000-0000-0000-000000000000 00000000-0000-0000-0000-000000000000 1                4990000.0           06d06f55-1d42-41cf-96e4-4cbe43fba34a -1.0                   -1.0                     -1.0                         
9d93934e-9651-4b91-aa9f-d617ca81e19f 48                     25.908513648067313  0.023848827869773125 1.301267594198746         50092.14639351916    0.0                    0.07518243052113048    0.0                        0.0                             0.0                               00000000-0000-0000-0000-000000000000 00000000-0000-0000-0000-000000000000 1                4990000.0           be23fefd-e424-49e3-b039-0f2236296121 -1.0                   -1.0                     -1.0                         
88585be8-8337-4cba-8050-b78354f39a20 48                     13.461635119639178  0.10697651632816971  1.9998480511645815        50079.831525148      0.0                    0.43397160251970857    0.0                        0.0                             0.0                               00000000-0000-0000-0000-000000000000 00000000-0000-0000-0000-000000000000 1                4990000.0           b4ce6a69-2f83-4857-b945-c324aa599a20 -1.0                   -1.0                     -1.0                         
5566bd29-7476-4518-b5b0-ad4a03b2c54d 49                     16.00389611697972   0.2494332903082515   2.425398072750041         50110.95045700818    0.0                    0.4731805668596983     0.0                        0.0                             0.0                               00000000-0000-0000-0000-000000000000 00000000-0000-0000-0000-000000000000 1                4990000.0           9e05b69c-6d3f-4d9a-b885-2bc3e77d4484 -1.0                   -1.0                     -1.0                         
5a6bfd81-2510-4fc2-8199-32a3d69386f7 53                     25.172123078746722  0.26095507831818854  3.04416                   50112.951182168144   0.0                    0.02440206467749665    0.0                        0.0                             0.0                               00000000-0000-0000-0000-000000000000 00000000-0000-0000-0000-000000000000 1                4990000.0           0db320ef-25b5-4478-b4c7-eb1e92c9798e -1.0                   -1.0                     -1.0                         
b16915a8-8903-4928-8d4c-cf7a48522d2f 54                     38.13453760331487   0.09730120206414901  2.1340151233923517        50174.19031930042    0.0                    0.45846592163758515    0.0                        0.0                             0.0                               00000000-0000-0000-0000-000000000000 00000000-0000-0000-0000-000000000000 1                4990000.0           b914d6ee-d51a-406e-aaf4-3587eb336764 -1.0                   -1.0                     -1.0                         
fb2bec72-f41a-4d76-ba0b-235260c0ecf4 54                     69.25406552050615   0.6194932888304853   0.0                       50077.885864857846   0.0                    0.467753554042597      0.0                        0.0                             0.0                               00000000-0000-0000-0000-000000000000 00000000-0000-0000-0000-000000000000 2                4990000.0           945f1ead-d388-46e7-9fda-f3f372c4f901 -1.0                   -1.0                     -1.0                         
0b8a93a1-7e1c-4e39-bddd-e1a56a3a9a9c 55                     40.30493922586796   0.28357694825125274  3.0651                    50184.29713279332    0.0                    0.6182879604779354     0.0                        0.0                             0.0                               00000000-0000-0000-0000-000000000000 00000000-0000-0000-0000-000000000000 1                4990000.0           3c8de2ea-2b22-4b66-8e02-bdb449f83fde -1.0                   -1.0                     -1.0                         
6a4136f4-eb6f-4f48-b82f-227dadfd98a6 57                     30.58954238765046   0.20905139099713088  2.46371758530264          50158.29706238639    0.0                    0.28578848214016106    0.0                        0.0                             0.0                               00000000-0000-0000-0000-000000000000 00000000-0000-0000-0000-000000000000 1                4990000.0           e8ec8601-950a-481b-bd07-f471d17089da -1.0                   -1.0                     -1.0                         
4b9daabb-e3d1-41bd-95e5-4d1d2e802505 58                     34.13671955434573   0.24077810003422567  3.07208                   50213.79410055151    0.0                    0.776898823530508      0.0                        0.0                             0.0                               00000000-0000-0000-0000-000000000000 00000000-0000-0000-0000-000000000000 1                4990000.0           52eee5ce-e01d-4254-9ebc-828378d102ed -1.0                   -1.0                     -1.0                         
1236353b-cf1e-4550-9eb2-2b17b0c0f773 58                     37.89275739873409   0.15573113198082975  2.725810266190613         50174.45778185836    0.0                    0.5859941552113127     0.0                        0.0                             0.0                               00000000-0000-0000-0000-000000000000 00000000-0000-0000-0000-000000000000 1                4990000.0           48efd6ed-2743-48e4-92e7-64b59a40cb5f -1.0                   -1.0                     -1.0                         
27d7109a-74ad-4650-98e0-b23481d8c413 58                     69.25081440631772   0.663377962650378    0.0                       50069.79818059375    0.0                    0.620452316757507      0.0                        0.0                             0.0                               00000000-0000-0000-0000-000000000000 00000000-0000-0000-0000-000000000000 2                4990000.0           5309a769-bb82-4bd4-9490-98fb2e8cb29d -1.0                   -1.0                     -1.0                         
38dce476-01d6-4aa1-933d-83cd66f999ed 59                     16.245048801394397  0.015819872996138032 1.4245331378762605        50109.79891030516    0.0                    0.3074196550355489     0.0                        0.0                             0.0                               00000000-0000-0000-0000-000000000000 00000000-0000-0000-0000-000000000000 1                4990000.0           8e34b7e3-01a8-4a24-becd-3970c4dec784 -1.0                   -1.0                     -1.0                         
8e9d9bc1-84b6-452b-ac17-667973af468e 60                     33.71929731314785   0.2526127451519128   3.07906                   50148.354225159856   0.0                    0.05983080074119902    0.0                        0.0                             0.0                               00000000-0000-0000-0000-000000000000 00000000-0000-0000-0000-000000000000 1                4990000.0           04797704-ef3b-4d8c-b24e-fed83de68b5e -1.0                   -1.0                     -1.0                         
a4e9afa9-7114-414c-a850-64610a3f9e93 60                     94.99504759224435   0.6895864249716328   0.0                       50305.84633440464    0.0                    0.21423472428110982    0.0                        0.0                             0.0                               00000000-0000-0000-0000-000000000000 00000000-0000-0000-0000-000000000000 3                4990000.0           890d41ec-bbec-4933-affc-c57db4815a15 -1.0                   -1.0                     -1.0                         
2b310f1d-a462-4852-9552-10f3f485ec51 62                     34.74244706993788   0.20036067109860306  2.2568034763843157        50094.28772215179    0.0                    0.007269596416179203   0.0                        0.0                             0.0                               00000000-0000-0000-0000-000000000000 00000000-0000-0000-0000-000000000000 1                4990000.0           17a06199-9fb5-4f2a-9e4c-e7ca184a5d24 -1.0                   -1.0                     -1.0                         
f044d015-5b00-4c1f-bae5-7fd35a43057f 63                     24.09115291461142   0.2870057169155234   3.0162400000000003        50072.05351103475    0.0                    0.750625557227393      0.0                        0.0                             0.0                               00000000-0000-0000-0000-000000000000 00000000-0000-0000-0000-000000000000 1                4990000.0           062a12fa-1040-4de8-bb13-e741937e64a2 -1.0                   -1.0                     -1.0                         
2b673afd-f01d-4766-b81f-839215b71337 64                     20.67555182436684   0.1911989102345396   2.9953000000000003        50106.03599783568    0.0                    0.21402800625139168    0.0                        0.0                             0.0                               00000000-0000-0000-0000-000000000000 00000000-0000-0000-0000-000000000000 1                4990000.0           dbe47790-fa9c-439b-bbcb-aafdfcfee132 -1.0                   -1.0                     -1.0                         
9e6b8631-35d3-40a3-8b01-f3be7fbdbc1f 67                     35.50425845653404   0.230052494572858    2.937759491854147         50120.48438467482    0.0                    0.7899491550945329     0.0                        0.0                             0.0                               00000000-0000-0000-0000-000000000000 00000000-0000-0000-0000-000000000000 1                4990000.0           e30e2bfe-dff3-49f4-a449-c5cb7648a7f0 -1.0                   -1.0                     -1.0                         
4f18f1d6-9044-4f37-8645-dc87a216af45 67                     33.02651053309745   0.050628359091094484 2.193447326020629         50184.86325219499    0.0                    0.2566636166874577     0.0                        0.0                             0.0                               00000000-0000-0000-0000-000000000000 00000000-0000-0000-0000-000000000000 1                4990000.0           5c60e0a0-77b6-47c6-8611-9d94f72c444b -1.0                   -1.0                     -1.0                         
436e4bd1-8cc6-4c72-9cde-0f2217a08ae2 67                     13.96190256757956   0.05583736514252658  1.7394818821702782        50049.25448045207    0.0                    0.8792134008991965     0.0                        0.0                             0.0                               00000000-0000-0000-0000-000000000000 00000000-0000-0000-0000-000000000000 1                4990000.0           e21e9c3d-ca85-4f60-bfd3-b17b8dfc41e0 -1.0                   -1.0                     -1.0                         
d657008d-121d-416c-b48a-7d9a7fd125cd 67                     27.91533404091298   0.11694741496910746  1.3299566010381156        50115.55786552753    0.0                    0.47245043680161936    0.0                        0.0                             0.0                               00000000-0000-0000-0000-000000000000 00000000-0000-0000-0000-000000000000 1                4990000.0           b61824b2-4371-47a0-ba78-add9ddc9d177 -1.0                   -1.0                     -1.0                         
97743547-deaf-4879-9786-8505c49a249a 67                     12.959160561634814  0.0664416073308219   1.9560888057133083        50114.061161665675   0.0                    0.47049259659391846    0.0                        0.0                             0.0                               00000000-0000-0000-0000-000000000000 00000000-0000-0000-0000-000000000000 1                4990000.0           860e96d5-6e97-4e94-93de-0e0db20f7f1a -1.0                   -1.0                     -1.0                         
4f9adf8e-788f-4690-ac5b-a44f45e26e7e 68                     36.84550809029269   0.28330287088384154  2.9813400000000003        50249.32233762328    0.0                    0.36606166597286033    0.0                        0.0                             0.0                               00000000-0000-0000-0000-000000000000 00000000-0000-0000-0000-000000000000 1                4990000.0           26141854-6f9f-4bf2-8c2a-d1f7db090828 -1.0                   -1.0                     -1.0                         
b7bb6d9b-dc97-403d-bad0-1112f43f629f 68                     19.674826073544136  0.09095031050683298  1.160642392702155         50062.195955116644   0.0                    0.8474097798303137     0.0                        0.0                             0.0                               00000000-0000-0000-0000-000000000000 00000000-0000-0000-0000-000000000000 1                4990000.0           f46335ef-0a2e-45b1-a179-2b563fc697be -1.0                   -1.0                     -1.0                         
c32a2697-8e70-4ff1-9589-508cf7be61b9 69                     24.563041626295657  0.2035338931433795   2.443638939009625         50091.25507871344    0.0                    0.8741621505244737     0.0                        0.0                             0.0                               00000000-0000-0000-0000-000000000000 00000000-0000-0000-0000-000000000000 1                4990000.0           6ebab44f-6ccc-4f58-95eb-e26f6d1ff2ab -1.0                   -1.0                     -1.0                         
0d0b891d-7367-4038-9b12-83de64b10faa 69                     49.093459242091534  0.5490482323327538   0.0                       50207.30152338205    0.0                    0.6631255766605855     0.0                        0.0                             0.0                               00000000-0000-0000-0000-000000000000 00000000-0000-0000-0000-000000000000 2                4990000.0           a2895373-8992-4c27-952c-23a0b1fe4efa -1.0                   -1.0                     -1.0                         
8f959ee7-f7fa-4c77-bbfb-fef86d78fdb8 69                     14.210448262942448  0.09719379786239664  2.1069253308260922        50188.62074045836    0.0                    0.029298922532585214   0.0                        0.0                             0.0                               00000000-0000-0000-0000-000000000000 00000000-0000-0000-0000-000000000000 1                4990000.0           bef14557-fdf7-45e7-9c2e-c56a940a9eee -1.0                   -1.0                     -1.0                         
495508e2-44d0-49a7-9931-367759b7db8e 70                     25.32797124989212   0.17863756901246955  1.457436026458172         50113.904388002964   0.0                    0.3552136272230935     0.0                        0.0                             0.0                               00000000-0000-0000-0000-000000000000 00000000-0000-0000-0000-000000000000 1                4990000.0           22655630-24cb-47ab-b7fb-1df06b8f4aed -1.0                   -1.0                     -1.0                         
1fdbb481-6519-4da2-b31b-54e7f5c2114a 70                     15.818243543224439  0.08811452937581339  1.9868235028775585        50131.89990893146    0.0                    0.6383777858516888     0.0                        0.0                             0.0                               00000000-0000-0000-0000-000000000000 00000000-0000-0000-0000-000000000000 1                4990000.0           236a3d0e-d083-4b2e-b2d5-d314353eeb14 -1.0                   -1.0                     -1.0                         
dd399293-2876-452d-aea1-f0feb9376273 71                     15.912339798850438  0.04209972945120999  2.0913854739169015        50045.973296796205   0.0                    0.10745362432825421    0.0                        0.0                             0.0                               00000000-0000-0000-0000-000000000000 00000000-0000-0000-0000-000000000000 1                4990000.0           d5a434d8-2350-41f4-a3dd-4c9ef38e903d -1.0                   -1.0                     -1.0                         
1fb848e7-517c-486b-8470-db03fee15d1a 74                     14.490977124872574  0.23132703905664037  2.6368239398471713        50136.51934277418    0.0                    0.6580997541770013     0.0                        0.0                             0.0                               00000000-0000-0000-0000-000000000000 00000000-0000-0000-0000-000000000000 1                4990000.0           a959e201-6a6c-4821-a2dc-a7fbb0da202b -1.0                   -1.0                     -1.0                         
58076234-3bc4-490c-9d95-a4fbe43644a0 74                     29.32968010175084   0.24338764560508577  3.0232200000000002        50140.75184291999    0.0                    0.32047001026858873    0.0                        0.0                             0.0                               00000000-0000-0000-0000-000000000000 00000000-0000-0000-0000-000000000000 1                4990000.0           5065fb3e-7128-440f-93db-0e8b3514f047 -1.0                   -1.0                     -1.0                         
9638ee84-d3ce-446d-9727-913ee8840356 74                     50.08994271401293   0.659596562812827    0.0                       50069.85452147808    0.0                    0.04875309132455796    0.0                        0.0                             0.0                               00000000-0000-0000-0000-000000000000 00000000-0000-0000-0000-000000000000 2                4990000.0           967e83c1-c2c0-4efe-a303-8b38111b2c16 -1.0                   -1.0                     -1.0                         
a23ea5ab-75aa-41cc-9c02-fb2673c1cec3 74                     127.34458548545206  0.2639719699571173   0.0                       50225.41680169499    0.0                    0.7752497577512045     0.0                        0.0                             0.0                               00000000-0000-0000-0000-000000000000 00000000-0000-0000-0000-000000000000 8                4990000.0           e3a2a0ff-6e8b-40cb-a6e9-94ae0f48ae79 -1.0                   -1.0                     -1.0                         
508e5be4-d9f2-4c05-9da9-7de4a82c65d5 75                     10.95193467006857   0.2736645562738537   2.9134323696900535        50051.97032243418    0.0                    0.8275363021388902     0.0                        0.0                             0.0                               00000000-0000-0000-0000-000000000000 00000000-0000-0000-0000-000000000000 1                4990000.0           8ba5fa75-900f-49da-b22c-57cdde210531 -1.0                   -1.0                     -1.0                         
6bfae8d2-b965-45ab-93c0-8183d4fb7fd5 75                     19.86875563790224   0.13599991009818438  1.768854997892706         50214.26562730137    0.0                    0.34600896218163546    0.0                        0.0                             0.0                               00000000-0000-0000-0000-000000000000 00000000-0000-0000-0000-000000000000 1                4990000.0           2a203aab-16e0-4fa0-abcc-5af9524436c4 -1.0                   -1.0                     -1.0                         
af223a5f-bb7d-4701-9315-6e1b32bf6708 76                     13.587338863010737  0.10758796101847458  1.9629371806387743        50137.45053146309    0.0                    0.08700383096711405    0.0                        0.0                             0.0                               00000000-0000-0000-0000-000000000000 00000000-0000-0000-0000-000000000000 1                4990000.0           f2359b53-d2b9-44cd-96af-f0ab8c4569f4 -1.0                   -1.0                     -1.0                         
349f60c7-de3d-4f71-a1a9-b8b07db849bb 76                     60.8202418121465    0.5373787933060554   0.0                       50049.05643625466    0.0                    0.4047935164752603     0.0                        0.0                             0.0                               00000000-0000-0000-0000-000000000000 00000000-0000-0000-0000-000000000000 4                4990000.0           8f6ff7c3-d770-4a3d-b471-361c9cd739db -1.0                   -1.0                     -1.0                         
93926e4d-30c1-43f7-84fd-b4ea8153568f 77                     24.356307515316463  0.09854126857621227  2.2830500286741096        50084.842793875236   0.0                    0.5979549671087901     0.0                        0.0                             0.0                               00000000-0000-0000-0000-000000000000 00000000-0000-0000-0000-000000000000 1                4990000.0           76276942-d266-4b37-8400-9a69918e8583 -1.0                   -1.0                     -1.0                         
bd16d1ff-2a80-4110-8596-9f51f2f6f2c5 78                     17.811360115718315  0.032257507367401    1.6875339669191542        50010.05686237948    0.0                    0.15060898044502571    0.0                        0.0                             0.0                               00000000-0000-0000-0000-000000000000 00000000-0000-0000-0000-000000000000 1                4990000.0           0e0c77a9-d799-403e-b78f-9619ea69e781 -1.0                   -1.0                     -1.0                         
02491642-532c-46d8-a8f5-c98008331e7b 79                     11.352029747071244  0.1340210008850756   1.153333426063715         50072.46699514553    0.0                    0.6789363231109349     0.0                        0.0                             0.0                               00000000-0000-0000-0000-000000000000 00000000-0000-0000-0000-000000000000 1                4990000.0           370c1252-cab2-45cc-abf6-24b0440b2119 -1.0                   -1.0                     -1.0                         
aec65102-243d-4fea-840d-ade1dbd5d877 80                     39.0291080705029    0.3650190848393028   2.9464400000000004        50192.76659822176    0.0                    0.39877574667195165    0.0                        0.0                             0.0                               00000000-0000-0000-0000-000000000000 00000000-0000-0000-0000-000000000000 1                4990000.0           7deb9306-96df-44fc-8aea-45c34c3e5c8e -1.0                   -1.0                     -1.0                         
9877cca9-89d7-48a3-8e55-d76d4f35bbaa 80                     20.389089124882677  0.3128222104800837   3.09302                   50000.20712120719    0.0                    0.7230817742060076     0.0                        0.0                             0.0                               00000000-0000-0000-0000-000000000000 00000000-0000-0000-0000-000000000000 1                4990000.0           42a9264b-84ef-450e-8308-d32467cbecb8 -1.0                   -1.0                     -1.0                         
470fe79e-1575-44f0-a0e1-53c729ef74f8 80                     13.590678835146644  0.25836481004034645  2.6493442186136975        50049.84213921116    0.0                    0.8375095222533859     0.0                        0.0                             0.0                               00000000-0000-0000-0000-000000000000 00000000-0000-0000-0000-000000000000 1                4990000.0           ebf992f6-00e4-4c7f-adb3-cf3f9f49d9c0 -1.0                   -1.0                     -1.0                         
fcc9cbe4-d4d6-495d-b8d4-efd4d00e3dda 82                     13.685200022170212  0.10237037308689832  1.7637250611733049        50110.1992010152     0.0                    0.8131347985000501     0.0                        0.0                             0.0                               00000000-0000-0000-0000-000000000000 00000000-0000-0000-0000-000000000000 1                4990000.0           d7df1452-071c-44fd-b18b-4cde7b3a3d87 -1.0                   -1.0                     -1.0                         
9958a2ca-63a4-4dbc-8c8f-dc362fb78570 82                     11.478280212811429  0.15124009686464004  0.8521232004239954        50030.98244472166    0.0                    0.6963035976729776     0.0                        0.0                             0.0                               00000000-0000-0000-0000-000000000000 00000000-0000-0000-0000-000000000000 1                4990000.0           1dc5eb26-9454-4b31-a11c-e7a622554390 -1.0                   -1.0                     -1.0                         
c6de36f8-7400-40ad-915a-6136fd436228 83                     12.973990334862707  0.12918970860236162  1.870641789812521         50101.51474124859    0.0                    0.7461070228949951     0.0                        0.0                             0.0                               00000000-0000-0000-0000-000000000000 00000000-0000-0000-0000-000000000000 1                4990000.0           b9f3f4b6-72bc-4b83-91bb-91338caacc1e -1.0                   -1.0                     -1.0                         
3fbaf50c-9d71-4669-b21a-5eb2a8074cbb 85                     22.45503849119978   0.08410691372682533  2.6833866383949188        50002.80939236882    0.0                    0.11571448121580998    0.0                        0.0                             0.0                               00000000-0000-0000-0000-000000000000 00000000-0000-0000-0000-000000000000 1                4990000.0           65e44316-29bf-4905-9b9a-556d6f855eae -1.0                   -1.0                     -1.0                         
60af97fe-c208-460f-8b71-5dbfb05cc25a 86                     21.517849056191018  0.1449086546049309   2.473103752723142         50108.2963063839     0.0                    0.7089704235924847     0.0                        0.0                             0.0                               00000000-0000-0000-0000-000000000000 00000000-0000-0000-0000-000000000000 1                4990000.0           1d24b089-a078-43db-87ab-37654a46d7f9 -1.0                   -1.0                     -1.0                         
7e1b8793-92c7-433b-a2f8-8ad552cdbf91 86                     34.28197540365836   0.052675258386519624 1.7281600450238672        50179.53799756426    0.0                    0.6750573932631925     0.0                        0.0                             0.0                               00000000-0000-0000-0000-000000000000 00000000-0000-0000-0000-000000000000 1                4990000.0           16545513-e3f0-46b6-9e3e-5ec98e630acd -1.0                   -1.0                     -1.0                         
f6a1b979-3c06-4f48-919a-03cecd84914e 86                     18.826279180670472  0.20943853852483468  2.7129042778297827        50225.11122584917    0.0                    0.8547681128900109     0.0                        0.0                             0.0                               00000000-0000-0000-0000-000000000000 00000000-0000-0000-0000-000000000000 1                4990000.0           af1a3994-0e48-4090-8737-8c9ad8c7566a -1.0                   -1.0                     -1.0                         
f89fd759-26f0-4351-ac75-4efefdcda2f6 88                     11.123643354572682  0.21013475266786374  2.148202294416267         50023.55161232749    0.0                    0.23891492584192706    0.0                        0.0                             0.0                               00000000-0000-0000-0000-000000000000 00000000-0000-0000-0000-000000000000 1                4990000.0           391c3e3c-d662-42a4-bcba-f4bf85cf0d76 -1.0                   -1.0                     -1.0                         
b2b52682-cf7f-4cd2-b400-fddb3e5b84a2 91                     49.62223486549534   0.5372031482371581   0.0                       50094.18573751754    0.0                    0.7542231509235374     0.0                        0.0                             0.0                               00000000-0000-0000-0000-000000000000 00000000-0000-0000-0000-000000000000 2                4990000.0           df1af389-2b9c-4da4-975a-3f954078aab9 -1.0                   -1.0                     -1.0                         
a118e62f-17e3-4237-a603-d40327d11c73 93                     25.099800722260905  0.1857965769580082   2.3391980400159538        50245.0431096622     0.0                    0.7391430829125001     0.0                        0.0                             0.0                               00000000-0000-0000-0000-000000000000 00000000-0000-0000-0000-000000000000 1                4990000.0           e4253e2f-212a-45ea-8ebe-d18ee3d73c9a -1.0                   -1.0                     -1.0                         
9366b173-402f-47b4-839e-bc197dfab742 94                     13.764368379771437  0.2539056123641181   2.818133001738232         50150.09635318087    0.0                    0.1833372389092782     0.0                        0.0                             0.0                               00000000-0000-0000-0000-000000000000 00000000-0000-0000-0000-000000000000 1                4990000.0           07831006-c2d6-4929-b3cf-652a85d23908 -1.0                   -1.0                     -1.0                         
aeca59c7-2383-4975-b2c9-3559ffa6fbd8 94                     13.792917145852849  0.24398303376103356  2.7094866722463906        50066.18124643463    0.0                    0.4963199816947845     0.0                        0.0                             0.0                               00000000-0000-0000-0000-000000000000 00000000-0000-0000-0000-000000000000 1                4990000.0           cc81d0d0-6367-4984-92ae-d2a9b0c288be -1.0                   -1.0                     -1.0                         
cd372e83-5a8e-4aa0-8917-951d4a6984f7 94                     35.599215138944125  0.18766086849626343  2.987310470811861         50160.48268962518    0.0                    0.6464837443453665     0.0                        0.0                             0.0                               00000000-0000-0000-0000-000000000000 00000000-0000-0000-0000-000000000000 1                4990000.0           344ed180-ba90-4110-a3ef-f17d5cb33e95 -1.0                   -1.0                     -1.0                         
528381ec-8104-444d-b129-49d9c88206ba 97                     21.173669708884375  0.13824173053129715  1.9463498518694193        50003.06135023611    0.0                    0.038560222566368554   0.0                        0.0                             0.0                               00000000-0000-0000-0000-000000000000 00000000-0000-0000-0000-000000000000 1                4990000.0           cd816f81-56f7-4137-9fab-da6c61016918 -1.0                   -1.0                     -1.0                         
3e911a59-e3b0-4a48-9a1e-0c6a81a836b2 97                     13.795980801468994  0.2264986824656007   3.0092600000000003        50110.280276534155   0.0                    0.405617968683027      0.0                        0.0                             0.0                               00000000-0000-0000-0000-000000000000 00000000-0000-0000-0000-000000000000 1                4990000.0           4d89e7e7-5c8b-410a-8f6b-24ee0beaf471 -1.0                   -1.0                     -1.0                         
3b96e5dd-8a74-4ec5-9d01-59944c4af54f 97                     55.9082382706603    0.6730722783915013   0.0                       50166.41060239419    0.0                    0.2746055579451647     0.0                        0.0                             0.0                               00000000-0000-0000-0000-000000000000 00000000-0000-0000-0000-000000000000 2                4990000.0           1ce3b793-a1ed-4d68-9f73-b4d97593900b -1.0                   -1.0                     -1.0                         
bec0f3db-0e8e-47cc-a35a-36c965052f76 97                     36.17758531088392   0.16585030030443096  3.07208                   50197.6526594629     0.0                    0.5584024537311151     0.0                        0.0                             0.0                               00000000-0000-0000-0000-000000000000 00000000-0000-0000-0000-000000000000 1                4990000.0           9ef70677-742e-48e4-af94-9de7a1589715 -1.0                   -1.0                     -1.0                         
24e38e40-c102-482f-9a5f-4279be45c002 97                     23.288300630689886  0.31012658510734115  3.05812                   50047.418940421274   0.0                    0.4936385860332592     0.0                        0.0                             0.0                               00000000-0000-0000-0000-000000000000 00000000-0000-0000-0000-000000000000 1                4990000.0           2e9d994b-9cdb-49cf-b88f-fa798162cc02 -1.0                   -1.0                     -1.0                         
e3551288-093f-4e50-a7b1-fa5f5d70ec50 99                     11.489422828199507  0.06621747078592922  1.1941316607458077        50178.12675858951    0.0                    0.11917869546923998    0.0                        0.0                             0.0                               00000000-0000-0000-0000-000000000000 00000000-0000-0000-0000-000000000000 1                4990000.0           c34483a6-734b-40ca-9883-358fa5f8ec9b -1.0                   -1.0                     -1.0                         
f0a0b44f-e8e0-4737-b42d-34299584b832 99                     33.39986580069328   0.10752556879897908  2.578003518217988         50051.017969686836   0.0                    0.8954070419075486     0.0                        0.0                             0.0                               00000000-0000-0000-0000-000000000000 00000000-0000-0000-0000-000000000000 1                4990000.0           e93704bd-d047-4fb6-857b-166a4ebab2db -1.0                   -1.0                     -1.0                         
