unique_id::uuid.UUID                 galaxy_id::numpy.int64 mass::numpy.float64 spin::numpy.float64  spin_angle::numpy.float64 orb_a::numpy.float64 orb_inc::numpy.float64 orb_ecc::numpy.float64 orb_ang_mom::numpy.float64 orb_arg_periapse::numpy.float64 migration_velocity::numpy.float64 parent_unique_id::uuid.UUID          parent_unique_id_2::uuid.UUID        gen::numpy.int64 time::numpy.float64 progenitor_unique_id::uuid.UUID      gw_freq::numpy.float64 gw_strain::numpy.float64 gw_char_strain::numpy.float64 
79333ef4-23a4-4f76-964f-b343aef23208 3                      34.90562639546413   0.022626789205405645 0.6178852807161922        50145.062471484      0.0                    0.25447842633827517    0.0                        0.0                             0.0                               00000000-0000-0000-0000-000000000000 00000000-0000-0000-0000-000000000000 1                990000.0            03f05cd7-abf2-4edb-bdad-f4fc1492ea87 -1.0                   -1.0                     -1.0                         
2292cc11-8e9a-45f6-a8f1-995f87be0c5d 23                     18.74108062783979   0.04174575098623668  1.321261346634502         50103.34050921752    0.0                    0.40172158451441287    0.0                        0.0                             0.0                               00000000-0000-0000-0000-000000000000 00000000-0000-0000-0000-000000000000 1                990000.0            eec05dfa-e78d-4343-91ba-c6ce06beb750 -1.0                   -1.0                     -1.0                         
6fd35676-b5dd-4382-befa-f156f8aec864 26                     30.342589287478923  0.2223836200941033   1.5392072480036967        50158.01751037599    0.0                    0.6633972930713845     0.0                        0.0                             0.0                               00000000-0000-0000-0000-000000000000 00000000-0000-0000-0000-000000000000 1                990000.0            adac486b-47af-404c-b6ef-d7f17ea228f6 -1.0                   -1.0                     -1.0                         
cabd506b-9871-4f0c-b759-b0e539f4de16 31                     38.19224341169481   0.1050224284456087   2.160069328540605         50162.34762313327    0.0                    0.10271991260063823    0.0                        0.0                             0.0                               00000000-0000-0000-0000-000000000000 00000000-0000-0000-0000-000000000000 1                990000.0            d7df9d07-f0dd-44ac-b519-04c46214ba6a -1.0                   -1.0                     -1.0                         
a49c8285-23c0-4e63-993c-238f68fb37e2 38                     24.17230894371895   0.14329315840996384  0.4954064596409118        50171.70810016811    0.0                    0.5066187338231074     0.0                        0.0                             0.0                               00000000-0000-0000-0000-000000000000 00000000-0000-0000-0000-000000000000 1                990000.0            98f4750a-352b-40f5-b6f7-efbfcd7d7830 -1.0                   -1.0                     -1.0                         
a0bf6146-52c5-4777-9b33-9cf861cbc85f 39                     35.46326099691749   0.03317005752980238  0.9200226466020321        50210.478699085856   0.0                    0.5758565150075288     0.0                        0.0                             0.0                               00000000-0000-0000-0000-000000000000 00000000-0000-0000-0000-000000000000 1                990000.0            ea4f37c5-b1d2-4672-8405-ceca8f63bfda -1.0                   -1.0                     -1.0                         
0c5e5331-0915-4ef1-b7c9-631139f13fd2 43                     32.00769340904341   0.2066205465787699   2.3276801781124865        50164.23164798445    0.0                    0.6276406612587815     0.0                        0.0                             0.0                               00000000-0000-0000-0000-000000000000 00000000-0000-0000-0000-000000000000 1                990000.0            d8e3ed93-ef5a-4042-9302-fb1770f9b08e -1.0                   -1.0                     -1.0                         
9a0107d9-625c-4742-9ffc-04d141089976 44                     25.46411103793154   0.023475668719903937 1.217642038588813         50154.44480948843    0.0                    0.0658221073691889     0.0                        0.0                             0.0                               00000000-0000-0000-0000-000000000000 00000000-0000-0000-0000-000000000000 1                990000.0            2fd75736-4ed7-49f2-bf77-f0d9f0d726ca -1.0                   -1.0                     -1.0                         
d3eb0a44-89b8-4afc-9301-a4e93cdc9228 44                     34.92458287842828   0.015365304606037355 0.7617579361155962        50129.65393257707    0.0                    0.7051793752869933     0.0                        0.0                             0.0                               00000000-0000-0000-0000-000000000000 00000000-0000-0000-0000-000000000000 1                990000.0            8aba3e44-4551-4800-bb8e-a50d4751c4f6 -1.0                   -1.0                     -1.0                         
d8665996-9085-4b59-86b2-f4c7be96c29b 45                     12.20365044631658   0.21229735991794615  3.0651                    50062.94183504158    0.0                    0.4300792326598368     0.0                        0.0                             0.0                               00000000-0000-0000-0000-000000000000 00000000-0000-0000-0000-000000000000 1                990000.0            5b871e07-ca79-4498-b025-463c5445aff9 -1.0                   -1.0                     -1.0                         
e7ac38a1-2ced-423e-9ef8-be5b46580987 48                     15.89390756404788   0.103154264658508    3.0568524188420474        50011.39656504486    0.0                    0.6756804354543249     0.0                        0.0                             0.0                               00000000-0000-0000-0000-000000000000 00000000-0000-0000-0000-000000000000 1                990000.0            1d9599a9-00b2-4b71-a9f3-14cf84225ee1 -1.0                   -1.0                     -1.0                         
2b310f1d-a462-4852-9552-10f3f485ec51 62                     34.74244706993788   0.20036067109860306  2.2568034763843157        50094.28772215179    0.0                    0.007269596416179203   0.0                        0.0                             0.0                               00000000-0000-0000-0000-000000000000 00000000-0000-0000-0000-000000000000 1                990000.0            17a06199-9fb5-4f2a-9e4c-e7ca184a5d24 -1.0                   -1.0                     -1.0                         
2b673afd-f01d-4766-b81f-839215b71337 64                     20.67555182436684   0.1911989102345396   2.9953000000000003        50106.03599783568    0.0                    0.21402800625139168    0.0                        0.0                             0.0                               00000000-0000-0000-0000-000000000000 00000000-0000-0000-0000-000000000000 1                990000.0            dbe47790-fa9c-439b-bbcb-aafdfcfee132 -1.0                   -1.0                     -1.0                         
c32a2697-8e70-4ff1-9589-508cf7be61b9 69                     24.563041626295657  0.2035338931433795   2.443638939009625         50091.25507871344    0.0                    0.8741621505244737     0.0                        0.0                             0.0                               00000000-0000-0000-0000-000000000000 00000000-0000-0000-0000-000000000000 1                990000.0            6ebab44f-6ccc-4f58-95eb-e26f6d1ff2ab -1.0                   -1.0                     -1.0                         
495508e2-44d0-49a7-9931-367759b7db8e 70                     25.32797124989212   0.17863756901246955  1.457436026458172         50113.904388002964   0.0                    0.3552136272230935     0.0                        0.0                             0.0                               00000000-0000-0000-0000-000000000000 00000000-0000-0000-0000-000000000000 1                990000.0            22655630-24cb-47ab-b7fb-1df06b8f4aed -1.0                   -1.0                     -1.0                         
af223a5f-bb7d-4701-9315-6e1b32bf6708 76                     13.587338863010737  0.10758796101847458  1.9629371806387743        50137.45053146309    0.0                    0.08700383096711405    0.0                        0.0                             0.0                               00000000-0000-0000-0000-000000000000 00000000-0000-0000-0000-000000000000 1                990000.0            f2359b53-d2b9-44cd-96af-f0ab8c4569f4 -1.0                   -1.0                     -1.0                         
fcc9cbe4-d4d6-495d-b8d4-efd4d00e3dda 82                     13.685200022170212  0.10237037308689832  1.7637250611733049        50110.1992010152     0.0                    0.8131347985000501     0.0                        0.0                             0.0                               00000000-0000-0000-0000-000000000000 00000000-0000-0000-0000-000000000000 1                990000.0            d7df1452-071c-44fd-b18b-4cde7b3a3d87 -1.0                   -1.0                     -1.0                         
9958a2ca-63a4-4dbc-8c8f-dc362fb78570 82                     11.478280212811429  0.15124009686464004  0.8521232004239954        50030.98244472166    0.0                    0.6963035976729776     0.0                        0.0                             0.0                               00000000-0000-0000-0000-000000000000 00000000-0000-0000-0000-000000000000 1                990000.0            1dc5eb26-9454-4b31-a11c-e7a622554390 -1.0                   -1.0                     -1.0                         
3fbaf50c-9d71-4669-b21a-5eb2a8074cbb 85                     22.45503849119978   0.08410691372682533  2.6833866383949188        50002.80939236882    0.0                    0.11571448121580998    0.0                        0.0                             0.0                               00000000-0000-0000-0000-000000000000 00000000-0000-0000-0000-000000000000 1                990000.0            65e44316-29bf-4905-9b9a-556d6f855eae -1.0                   -1.0                     -1.0                         
f89fd759-26f0-4351-ac75-4efefdcda2f6 88                     11.123643354572682  0.21013475266786374  2.148202294416267         50023.55161232749    0.0                    0.23891492584192706    0.0                        0.0                             0.0                               00000000-0000-0000-0000-000000000000 00000000-0000-0000-0000-000000000000 1                990000.0            391c3e3c-d662-42a4-bcba-f4bf85cf0d76 -1.0                   -1.0                     -1.0                         
9366b173-402f-47b4-839e-bc197dfab742 94                     13.764368379771437  0.2539056123641181   2.818133001738232         50150.09635318087    0.0                    0.1833372389092782     0.0                        0.0                             0.0                               00000000-0000-0000-0000-000000000000 00000000-0000-0000-0000-000000000000 1                990000.0            07831006-c2d6-4929-b3cf-652a85d23908 -1.0                   -1.0                     -1.0                         
528381ec-8104-444d-b129-49d9c88206ba 97                     21.173669708884375  0.13824173053129715  1.9463498518694193        50003.06135023611    0.0                    0.038560222566368554   0.0                        0.0                             0.0                               00000000-0000-0000-0000-000000000000 00000000-0000-0000-0000-000000000000 1                990000.0            cd816f81-56f7-4137-9fab-da6c61016918 -1.0                   -1.0                     -1.0                         
