unique_id::uuid.UUID                 galaxy_id::numpy.int64 mass::numpy.float64 spin::numpy.float64  spin_angle::numpy.float64 orb_a::numpy.float64 orb_inc::numpy.float64 orb_ecc::numpy.float64 orb_ang_mom::numpy.float64 orb_arg_periapse::numpy.float64 migration_velocity::numpy.float64 parent_unique_id::uuid.UUID          parent_unique_id_2::uuid.UUID        gen::numpy.int64 time::numpy.float64 progenitor_unique_id::uuid.UUID      gw_freq::numpy.float64 gw_strain::numpy.float64 gw_char_strain::numpy.float64 
0932bb73-9f92-485d-bfa2-a3d9213f1d39 0                      238.34610585768445  0.2198675320623152   0.0                       50233.24972680211    0.0                    0.5346276224763854     0.0                        0.0                             0.0                               00000000-0000-0000-0000-000000000000 00000000-0000-0000-0000-000000000000 6                9990000.0           3a445a66-5f53-4e7c-bb9b-414d5b954bd6 -1.0                   -1.0                     -1.0                         
2b6c7d29-f586-436d-89bb-4a1de209e123 0                      28.96235254958615   0.39135182244271255  0.0                       50065.086448275506   0.0                    0.8577909901752281     0.0                        0.0                             0.0                               00000000-0000-0000-0000-000000000000 00000000-0000-0000-0000-000000000000 2                9990000.0           93ca5fbd-49e6-4290-b0f2-5c1ed58c22df -1.0                   -1.0                     -1.0                         
b3ebeb44-b61f-41aa-adad-0b8b68384384 1                      36.719137049844356  0.17640496332318248  3.0232200000000002        50204.36936343165    0.0                    0.39658729241855206    0.0                        0.0                             0.0                               00000000-0000-0000-0000-000000000000 00000000-0000-0000-0000-000000000000 1                9990000.0           14b83780-60e0-4f0f-8887-85d2bae96105 -1.0                   -1.0                     -1.0                         
6edaef96-5682-4856-ad53-31a2ff28ee5d 1                      150.33691239964998  0.8638932942583625   0.0                       50157.62086182       0.0                    0.32484861772583506    0.0                        0.0                             0.0                               00000000-0000-0000-0000-000000000000 00000000-0000-0000-0000-000000000000 5                9990000.0           33033461-af8f-4ade-935f-77984066601a -1.0                   -1.0                     -1.0                         
a6ff95d0-8909-4cdc-a4d0-890782e32af6 2                      14.535855054420939  0.23097864602077756  3.09302                   50084.88757713775    0.0                    0.665583944603801      0.0                        0.0                             0.0                               00000000-0000-0000-0000-000000000000 00000000-0000-0000-0000-000000000000 1                9990000.0           ad9ecbeb-7d1d-4094-bbdb-861c1a2bba30 -1.0                   -1.0                     -1.0                         
76051d4b-4cf1-4efa-a919-5c538ce78816 2                      17.541310726899876  0.392790754232548    2.9953000000000003        50189.57254855381    0.0                    0.5663321854220816     0.0                        0.0                             0.0                               00000000-0000-0000-0000-000000000000 00000000-0000-0000-0000-000000000000 1                9990000.0           f5b5e157-d97f-47fb-b248-352d8ec4bcf1 -1.0                   -1.0                     -1.0                         
613a675b-c14b-404e-ac62-c9eb1a05dac3 3                      13.666426328108665  0.07722559557076328  2.324712425846907         50090.545712386775   0.0                    0.5499958516476041     0.0                        0.0                             0.0                               00000000-0000-0000-0000-000000000000 00000000-0000-0000-0000-000000000000 1                9990000.0           36a1f241-2a37-412d-b6c6-8b533850a345 -1.0                   -1.0                     -1.0                         
7b9714c6-ffbe-4d0a-ba82-f1cd6f9cde06 3                      49.4993494139557    0.6550433406423397   0.0                       50149.0332082972     0.0                    0.8264515054909132     0.0                        0.0                             0.0                               00000000-0000-0000-0000-000000000000 00000000-0000-0000-0000-000000000000 3                9990000.0           d1018b10-a885-4206-8eab-d79296dee454 -1.0                   -1.0                     -1.0                         
2a6bdf01-c8ff-4827-9d83-272bff8593c6 4                      23.845022878293726  0.1674457813551964   2.8420029557512083        50194.566949942746   0.0                    0.8800717151866096     0.0                        0.0                             0.0                               00000000-0000-0000-0000-000000000000 00000000-0000-0000-0000-000000000000 1                9990000.0           ede30c47-972c-47a2-a9e6-cfd8112a75c5 -1.0                   -1.0                     -1.0                         
17a18a79-6478-45be-aac0-333e71ce50e7 4                      143.40710476387676  0.4324543448466062   0.0                       50214.280486049545   0.0                    0.04197902467936709    0.0                        0.0                             0.0                               00000000-0000-0000-0000-000000000000 00000000-0000-0000-0000-000000000000 5                9990000.0           fe0007ae-1bd3-4989-a403-c430d19af6e9 -1.0                   -1.0                     -1.0                         
3a3f25d6-fda7-40ac-ac6e-0781dba50c81 4                      38.11847901497431   0.48137422607316044  0.0                       50012.63515095774    0.0                    0.49287104463917575    0.0                        0.0                             0.0                               00000000-0000-0000-0000-000000000000 00000000-0000-0000-0000-000000000000 2                9990000.0           e7cf3ce0-e337-42bc-9cd6-c66fb1fd789f -1.0                   -1.0                     -1.0                         
34ba56fd-42f5-4af7-9ac3-af5a8cc01e99 6                      19.013692495055476  0.23547740340209497  3.0162400000000003        50049.685463794405   0.0                    0.3330429300069611     0.0                        0.0                             0.0                               00000000-0000-0000-0000-000000000000 00000000-0000-0000-0000-000000000000 1                9990000.0           d1074af8-ef09-44b4-97b2-a986de3acb51 -1.0                   -1.0                     -1.0                         
6ad1130a-31fe-48af-8e00-7e5fd55a6d37 6                      70.47263195237493   0.510377678394741    0.0                       50072.860039531064   0.0                    0.1800205385302192     0.0                        0.0                             0.0                               00000000-0000-0000-0000-000000000000 00000000-0000-0000-0000-000000000000 2                9990000.0           91d16420-d47d-4f56-9202-7aa6268a896e -1.0                   -1.0                     -1.0                         
fbaf6214-baec-4008-8c82-49706a82d2f0 7                      290.86714248477153  0.05494522599635241  0.0                       50101.43877869539    0.0                    0.2866100311364314     0.0                        0.0                             0.0                               00000000-0000-0000-0000-000000000000 00000000-0000-0000-0000-000000000000 11               9990000.0           a079b33f-37cc-4b34-856b-9fa0a295c849 -1.0                   -1.0                     -1.0                         
bbaa2f0d-9f18-4897-959a-9341bfbd8910 8                      40.897434334710475  0.2643739048823856   3.07906                   50016.58044125352    0.0                    0.8964460174244089     0.0                        0.0                             0.0                               00000000-0000-0000-0000-000000000000 00000000-0000-0000-0000-000000000000 1                9990000.0           a75a1580-4a44-4bc5-ae9b-d281a2b4b304 -1.0                   -1.0                     -1.0                         
78213c1d-36b2-46dc-a7a4-14229bacc2ae 8                      70.5806085137285    0.5377230153859369   0.0                       50286.43237022377    0.0                    0.1502528667970318     0.0                        0.0                             0.0                               00000000-0000-0000-0000-000000000000 00000000-0000-0000-0000-000000000000 2                9990000.0           6346d58c-35b6-4430-a052-fe234ca623b7 -1.0                   -1.0                     -1.0                         
39b130e6-f18d-429e-8d61-8760e99eb4d8 9                      67.15114241326697   0.6163319813191803   0.0                       50050.77907982188    0.0                    0.6118456754126905     0.0                        0.0                             0.0                               00000000-0000-0000-0000-000000000000 00000000-0000-0000-0000-000000000000 2                9990000.0           d75fa10e-3293-4de5-85d9-9f4f5f87a981 -1.0                   -1.0                     -1.0                         
53cbc302-70d0-4683-a9f7-073877429007 10                     148.44105729391876  0.5377842526470558   0.0                       50066.21662059626    0.0                    0.6200596791214769     0.0                        0.0                             0.0                               00000000-0000-0000-0000-000000000000 00000000-0000-0000-0000-000000000000 4                9990000.0           ce06cb3b-b3c1-4167-bb5f-1544f76e961c -1.0                   -1.0                     -1.0                         
900cd1dd-59c2-406a-ab16-4376cd3e5f29 10                     45.07037002820855   0.33579403313206413  3.09302                   50071.793832105875   0.0                    0.7595662530800743     0.0                        0.0                             0.0                               00000000-0000-0000-0000-000000000000 00000000-0000-0000-0000-000000000000 1                9990000.0           f9911117-babf-44f6-a4f4-c5e43ec2e7da -1.0                   -1.0                     -1.0                         
ac204d94-21a9-477e-9116-4df05bffb6f5 14                     32.66068278592841   0.052577160730821054 1.6762570744107368        50021.580116499776   0.0                    0.8689194519286828     0.0                        0.0                             0.0                               00000000-0000-0000-0000-000000000000 00000000-0000-0000-0000-000000000000 1                9990000.0           1fe475f2-64ca-4e8c-94e2-1f9ecb94d900 -1.0                   -1.0                     -1.0                         
f928502f-532a-4914-876c-be83b4704687 14                     29.33595364327581   0.29474066593142534  3.08604                   50158.423189561436   0.0                    0.45394047125826836    0.0                        0.0                             0.0                               00000000-0000-0000-0000-000000000000 00000000-0000-0000-0000-000000000000 1                9990000.0           adff45f2-48bd-400a-b31a-d9c651e65d83 -1.0                   -1.0                     -1.0                         
35777e2b-7694-4dc4-ba59-64a2ffcdedb0 14                     316.75715785604916  0.7325020660327154   0.0                       50179.77717413039    0.0                    0.04285148480804526    0.0                        0.0                             0.0                               00000000-0000-0000-0000-000000000000 00000000-0000-0000-0000-000000000000 7                9990000.0           deb8adc5-7f37-4fa5-a6a1-6bfbeb2d1a5c -1.0                   -1.0                     -1.0                         
b53869ac-6d7f-4621-8b9c-dc290c4493e6 17                     18.39848738642355   0.26290586714532266  3.04416                   50159.98162398729    0.0                    0.07392043452378251    0.0                        0.0                             0.0                               00000000-0000-0000-0000-000000000000 00000000-0000-0000-0000-000000000000 1                9990000.0           da2cf294-fea8-4f98-85b5-90d384c7864b -1.0                   -1.0                     -1.0                         
e2440607-b9d9-4502-b1ed-9386b9b8017f 17                     32.94888182795407   0.3145513894366224   2.702947311050065         50013.10192649834    0.0                    0.7349637564319593     0.0                        0.0                             0.0                               00000000-0000-0000-0000-000000000000 00000000-0000-0000-0000-000000000000 1                9990000.0           f2f359e0-4b40-444b-b6a8-e9316a5f7ea5 -1.0                   -1.0                     -1.0                         
87eb9bb6-e45e-4f7f-88ab-75d343592529 17                     345.4205111223437   0.6666738899478744   0.0                       50351.68249762283    0.0                    0.490912885640079      0.0                        0.0                             0.0                               00000000-0000-0000-0000-000000000000 00000000-0000-0000-0000-000000000000 12               9990000.0           52b33c74-6c50-4f3b-9c06-768839ebc6d2 -1.0                   -1.0                     -1.0                         
5fd28ef0-f95f-459c-a211-97cba811e023 18                     37.561522822646836  0.3471929392939308   2.9604000000000004        50234.93181596846    0.0                    0.06052020779116997    0.0                        0.0                             0.0                               00000000-0000-0000-0000-000000000000 00000000-0000-0000-0000-000000000000 1                9990000.0           ee2e3d66-b3ff-4925-9a1b-bd5bbd041a68 -1.0                   -1.0                     -1.0                         
0a6f3a3b-0d09-4f1d-b071-a6ac6d686050 18                     188.07551281315963  0.3018616390632058   0.0                       50159.73170327128    0.0                    0.34042983925882103    0.0                        0.0                             0.0                               00000000-0000-0000-0000-000000000000 00000000-0000-0000-0000-000000000000 5                9990000.0           c30876ca-230b-4f3f-9e40-a425f48063e4 -1.0                   -1.0                     -1.0                         
741ec118-6d3c-4a13-9ff8-9a528c93e4ed 19                     11.782138627362702  0.30837668263486684  3.05812                   50053.2327616868     0.0                    0.4621869560742292     0.0                        0.0                             0.0                               00000000-0000-0000-0000-000000000000 00000000-0000-0000-0000-000000000000 1                9990000.0           3dd28751-439e-4b8a-96d1-318efb50922e -1.0                   -1.0                     -1.0                         
a77d833c-4e00-4d97-be42-156debb2749c 20                     64.49243022180605   0.586319699233911    0.0                       50252.761507595234   0.0                    0.4338499717538641     0.0                        0.0                             0.0                               00000000-0000-0000-0000-000000000000 00000000-0000-0000-0000-000000000000 2                9990000.0           04aef805-2263-4e4b-a508-91bdb384ab8a -1.0                   -1.0                     -1.0                         
3f41ed7e-312a-487f-bb2e-bfd149a83908 21                     37.223443747671965  0.04192045814470729  1.7505441538621964        50242.42534053929    0.0                    0.4616469931890177     0.0                        0.0                             0.0                               00000000-0000-0000-0000-000000000000 00000000-0000-0000-0000-000000000000 1                9990000.0           7e290193-2c7a-4aaf-8ff3-f8d8f1aa06a1 -1.0                   -1.0                     -1.0                         
a001f3f4-78b6-4d61-a971-d4e777c670ce 21                     11.551937140334951  0.36092758163610167  3.0670872014196924        50019.258565100194   0.0                    0.6293946875009666     0.0                        0.0                             0.0                               00000000-0000-0000-0000-000000000000 00000000-0000-0000-0000-000000000000 1                9990000.0           9b5a2a94-8e1b-4000-98e4-b89ba767a549 -1.0                   -1.0                     -1.0                         
433f68ea-6445-4c21-bf21-03891e32b375 21                     16.676764378075895  0.12932415428787108  2.7168477834641833        50032.05030437741    0.0                    0.6115038132988695     0.0                        0.0                             0.0                               00000000-0000-0000-0000-000000000000 00000000-0000-0000-0000-000000000000 1                9990000.0           fd5a5557-6824-4c99-9ea7-80b4b0979154 -1.0                   -1.0                     -1.0                         
8039dca2-a755-4856-8a59-14c545e97582 22                     70.26755303348592   0.6855720915794231   0.0                       50251.66149385773    0.0                    0.022694505277897816   0.0                        0.0                             0.0                               00000000-0000-0000-0000-000000000000 00000000-0000-0000-0000-000000000000 2                9990000.0           a1faf8a7-5718-46af-8338-805cd72fce9c -1.0                   -1.0                     -1.0                         
85288cb1-bcbe-4721-b2fc-c5d5a0ee94a9 22                     23.88709937374984   0.3787410716155754   2.8557000000000006        50132.60262501144    0.0                    0.527327472943646      0.0                        0.0                             0.0                               00000000-0000-0000-0000-000000000000 00000000-0000-0000-0000-000000000000 1                9990000.0           950258c3-5df5-4c0c-8a79-f39896f0d2bc -1.0                   -1.0                     -1.0                         
fbd819bd-a7cd-428c-a452-28a808080098 22                     110.74510927074267  0.47473093684504103  0.0                       50080.94407404955    0.0                    0.6884458725167252     0.0                        0.0                             0.0                               00000000-0000-0000-0000-000000000000 00000000-0000-0000-0000-000000000000 6                9990000.0           504f97a7-fe80-4a71-a249-801e80d27faf -1.0                   -1.0                     -1.0                         
7852bc53-3ff9-42d5-aa9b-2e2c6830fb21 23                     21.269048118286484  0.022809397684745557 1.861251092169025         50124.19569879892    0.0                    0.37227756650068516    0.0                        0.0                             0.0                               00000000-0000-0000-0000-000000000000 00000000-0000-0000-0000-000000000000 1                9990000.0           7d6de0bf-67f3-4160-bcae-c42b75d4f0eb -1.0                   -1.0                     -1.0                         
52c5a5d8-d017-452a-a8cd-23c5245a1229 23                     41.40213462806664   0.4287259102958907   3.0232200000000002        50132.125821477646   0.0                    0.23796969243862637    0.0                        0.0                             0.0                               00000000-0000-0000-0000-000000000000 00000000-0000-0000-0000-000000000000 1                9990000.0           4f77f13f-086b-472d-bd41-28457e368c2c -1.0                   -1.0                     -1.0                         
a41515e7-e2b4-42b8-9182-855db3b2d9e7 23                     70.50860379772534   0.5640360711836045   0.0                       50134.96585327388    0.0                    0.7486937396712934     0.0                        0.0                             0.0                               00000000-0000-0000-0000-000000000000 00000000-0000-0000-0000-000000000000 4                9990000.0           5e756777-28e9-4c2f-8f3c-b41ada8fbfd3 -1.0                   -1.0                     -1.0                         
93f30a1e-8f81-45cc-90a1-02a5bc2af327 23                     131.0018603346219   0.7977240702346037   0.0                       50231.39561982538    0.0                    0.03770542702887347    0.0                        0.0                             0.0                               00000000-0000-0000-0000-000000000000 00000000-0000-0000-0000-000000000000 5                9990000.0           65a0ac7f-2acf-4209-88f9-295309ff4cb7 -1.0                   -1.0                     -1.0                         
7e443ab5-3a5d-4cad-84dd-b89343da9d1a 25                     63.53290646370684   0.47412804030465855  0.0                       50040.32525378849    0.0                    0.2858013441757922     0.0                        0.0                             0.0                               00000000-0000-0000-0000-000000000000 00000000-0000-0000-0000-000000000000 2                9990000.0           94741e0b-7eb5-4447-adfd-d870f58abaec -1.0                   -1.0                     -1.0                         
009b524a-eded-4b4b-acba-b83c36d23a26 25                     62.311452876780926  0.6355764132366826   0.0                       50177.43147550309    0.0                    0.29980886009909274    0.0                        0.0                             0.0                               00000000-0000-0000-0000-000000000000 00000000-0000-0000-0000-000000000000 3                9990000.0           9f11fa8c-889e-4297-b186-9fa105bc721b -1.0                   -1.0                     -1.0                         
18e937fa-bfce-4920-81c9-1131d3bde059 28                     29.976937299770242  0.21330045901922048  3.07906                   50102.757735720945   0.0                    0.6485672541230257     0.0                        0.0                             0.0                               00000000-0000-0000-0000-000000000000 00000000-0000-0000-0000-000000000000 1                9990000.0           7f87e4e5-3a12-497a-9dfb-e89e6ee8f76b -1.0                   -1.0                     -1.0                         
b37c1c65-89b5-4e3f-ae21-8e49127f7ba1 29                     11.260587066577019  0.05580640407588064  1.400070438063877         50130.40766222616    0.0                    0.32264533426522163    0.0                        0.0                             0.0                               00000000-0000-0000-0000-000000000000 00000000-0000-0000-0000-000000000000 1                9990000.0           aa7a8c78-cffe-4e55-a579-fa141e9ebd6e -1.0                   -1.0                     -1.0                         
8f8c9054-7af1-4453-a0ca-f67b4caa8a0c 29                     72.4730557762794    0.46990603794368546  0.0                       50166.963727080525   0.0                    0.27941189270019473    0.0                        0.0                             0.0                               00000000-0000-0000-0000-000000000000 00000000-0000-0000-0000-000000000000 4                9990000.0           8505978d-f5ac-4078-90ff-b204ddd6d09e -1.0                   -1.0                     -1.0                         
945c7a15-a994-47f5-b190-4ca64ff45e4a 29                     87.47897387423396   0.23587858737625544  0.0                       50132.34928566262    0.0                    0.229663249729723      0.0                        0.0                             0.0                               00000000-0000-0000-0000-000000000000 00000000-0000-0000-0000-000000000000 7                9990000.0           afde81de-f84e-45dc-995b-fea65c6fd6dd -1.0                   -1.0                     -1.0                         
221721ac-eb6e-42e3-bbe4-630692980ace 30                     49.67217574514154   0.31310601721967335  0.0                       50068.485424813225   0.0                    0.6669276295407012     0.0                        0.0                             0.0                               00000000-0000-0000-0000-000000000000 00000000-0000-0000-0000-000000000000 2                9990000.0           e5303c92-fdc4-44a5-a3e5-8fb03a616d67 -1.0                   -1.0                     -1.0                         
249be4a3-284a-49c5-bb1d-bdf5f044f1d6 31                     14.29865854638259   0.7330996352043834   3.09302                   50107.07494996322    0.0                    0.7913866048376266     0.0                        0.0                             0.0                               00000000-0000-0000-0000-000000000000 00000000-0000-0000-0000-000000000000 1                9990000.0           2b5931c4-f4c4-47a7-b593-b5fe645077d2 -1.0                   -1.0                     -1.0                         
a5f61916-8049-4196-af9a-9e189500f577 32                     139.06565318767093  0.5255992544025616   0.0                       50179.06937675788    0.0                    0.5702865371981269     0.0                        0.0                             0.0                               00000000-0000-0000-0000-000000000000 00000000-0000-0000-0000-000000000000 4                9990000.0           1ddefa72-0913-4b75-8efe-d6471ba719e9 -1.0                   -1.0                     -1.0                         
c5a7bdbe-86f7-4735-8faf-4764b69cf5e0 32                     76.30543199410445   0.7862398364074887   0.0                       50146.785054524706   0.0                    0.12863783220622635    0.0                        0.0                             0.0                               00000000-0000-0000-0000-000000000000 00000000-0000-0000-0000-000000000000 3                9990000.0           f94297b8-b4c3-4c2b-9036-0ed5ea901ef1 -1.0                   -1.0                     -1.0                         
c1b90380-ef8a-4d07-8197-3ce43057393d 34                     15.625976464403163  0.18210889973824707  3.04416                   50179.918866911146   0.0                    0.8252437812247656     0.0                        0.0                             0.0                               00000000-0000-0000-0000-000000000000 00000000-0000-0000-0000-000000000000 1                9990000.0           3db876e5-e629-45e2-8590-352bbdeb4671 -1.0                   -1.0                     -1.0                         
067811ea-ff69-4db7-8c8a-25eb09c27aa1 34                     39.917475404424216  0.022543998864895602 1.8649211306929188        50022.57786856867    0.0                    0.4217733845724376     0.0                        0.0                             0.0                               00000000-0000-0000-0000-000000000000 00000000-0000-0000-0000-000000000000 1                9990000.0           ef8e97c6-282c-418e-b516-d7cb77204102 -1.0                   -1.0                     -1.0                         
30edc048-bb7c-42f3-a723-9b5bad23d8e4 34                     105.17252992122553  0.5424690856156809   0.0                       50069.02673335166    0.0                    0.43158337093863297    0.0                        0.0                             0.0                               00000000-0000-0000-0000-000000000000 00000000-0000-0000-0000-000000000000 3                9990000.0           db460e12-3a9b-45ba-a9d8-f167fffc14ba -1.0                   -1.0                     -1.0                         
8eceecf0-3828-4a3b-9cef-5bd6b30d9161 36                     22.427230993041675  0.45415125837563675  3.04416                   50144.38202094054    0.0                    0.7459067030611489     0.0                        0.0                             0.0                               00000000-0000-0000-0000-000000000000 00000000-0000-0000-0000-000000000000 1                9990000.0           e31dac38-d3e9-4607-8836-1751e8edb90f -1.0                   -1.0                     -1.0                         
b6a70d72-04b9-4fa3-96d5-fb2b6d519bdf 36                     34.80509913362599   0.23991689639948607  0.0                       50205.90000446393    0.0                    0.7708927419677754     0.0                        0.0                             0.0                               00000000-0000-0000-0000-000000000000 00000000-0000-0000-0000-000000000000 2                9990000.0           c69c1308-d6e8-4db0-a445-84c65774396b -1.0                   -1.0                     -1.0                         
1bb26928-da7d-466d-a9eb-c06fc52c399b 38                     24.304359093923438  0.25569282775512703  2.9673800000000004        50176.03138524568    0.0                    0.2830459416814898     0.0                        0.0                             0.0                               00000000-0000-0000-0000-000000000000 00000000-0000-0000-0000-000000000000 1                9990000.0           6a2cd70c-15e2-4a61-a6a7-02fb91f34152 -1.0                   -1.0                     -1.0                         
95b0e6e2-97f8-48b6-b76f-affea10911db 38                     65.16301154093429   0.5432370386455526   0.0                       50231.494023369094   0.0                    0.31703785640828225    0.0                        0.0                             0.0                               00000000-0000-0000-0000-000000000000 00000000-0000-0000-0000-000000000000 2                9990000.0           01c623b6-4f5b-4753-88c0-09b2468710de -1.0                   -1.0                     -1.0                         
c63f5273-ad0c-4a7d-a61b-162af150a83f 38                     17.06591927523588   0.35443896437883066  2.9743600000000003        50120.680654789256   0.0                    0.8393121151312716     0.0                        0.0                             0.0                               00000000-0000-0000-0000-000000000000 00000000-0000-0000-0000-000000000000 1                9990000.0           3d81a596-225d-4554-9549-520e852fdc3f -1.0                   -1.0                     -1.0                         
d751a4c6-26e5-40f6-a5dd-2f02df3eda2e 38                     18.66542776548742   0.6269596632527843   3.05812                   50099.19002603918    0.0                    0.4340393428727142     0.0                        0.0                             0.0                               00000000-0000-0000-0000-000000000000 00000000-0000-0000-0000-000000000000 1                9990000.0           3ab6c90c-66fd-4c92-8d2f-da4088718a64 -1.0                   -1.0                     -1.0                         
9aa90681-8b2f-4167-a569-e6dbdfaa34f8 39                     31.902631216954905  0.31230920395510864  3.03718                   50180.1300022221     0.0                    0.6704341368702967     0.0                        0.0                             0.0                               00000000-0000-0000-0000-000000000000 00000000-0000-0000-0000-000000000000 1                9990000.0           dbdfb418-a75d-4567-89cb-4412e45dd818 -1.0                   -1.0                     -1.0                         
48b1f56d-673b-452d-a6e1-ef196090f851 39                     107.84965271920238  0.25569851189102644  0.0                       50216.127923717606   0.0                    0.42903543168531244    0.0                        0.0                             0.0                               00000000-0000-0000-0000-000000000000 00000000-0000-0000-0000-000000000000 4                9990000.0           7045cf42-3aa9-4854-812c-144a7b1e5c4b -1.0                   -1.0                     -1.0                         
389bda5f-d0e3-4fa0-859d-688e6553e6ed 40                     69.89193380830805   0.49517484659251676  0.0                       50263.891214719224   0.0                    0.20092875294282866    0.0                        0.0                             0.0                               00000000-0000-0000-0000-000000000000 00000000-0000-0000-0000-000000000000 2                9990000.0           d43e8d16-1ad1-4de3-af51-e0edab732b5c -1.0                   -1.0                     -1.0                         
92dc5c9a-eaad-43d7-b239-5ca0b2b5e478 43                     41.01767756392799   0.14831964511731233  2.498931358812468         50158.74434701689    0.0                    0.06385782703473937    0.0                        0.0                             0.0                               00000000-0000-0000-0000-000000000000 00000000-0000-0000-0000-000000000000 1                9990000.0           3243e63c-3b50-4555-bf24-4ebdabd77ef9 -1.0                   -1.0                     -1.0                         
418bbfbb-4147-481b-b54c-8e2d9ce6f6e5 43                     143.55904363256568  0.39567949061523683  0.0                       50139.75454433543    0.0                    0.01915408069287197    0.0                        0.0                             0.0                               00000000-0000-0000-0000-000000000000 00000000-0000-0000-0000-000000000000 7                9990000.0           a575c6e1-1373-4f98-8ea8-4bacf55e47fe -1.0                   -1.0                     -1.0                         
814bed85-659a-4256-99bf-2641bbb19914 45                     10.513986184745518  0.15258245103122609  1.7676094791759034        50113.42509727662    0.0                    0.5358546018446371     0.0                        0.0                             0.0                               00000000-0000-0000-0000-000000000000 00000000-0000-0000-0000-000000000000 1                9990000.0           14ea17b7-a74c-4750-b8c2-a86ac414a655 -1.0                   -1.0                     -1.0                         
3c78dcc9-acbd-4ceb-ac99-c70da538d7e3 48                     15.611880162350324  0.2630539890818249   3.08604                   50139.44851028657    0.0                    0.7480369087652275     0.0                        0.0                             0.0                               00000000-0000-0000-0000-000000000000 00000000-0000-0000-0000-000000000000 1                9990000.0           b70783ea-1a4d-437f-98a0-e4010fab0f2f -1.0                   -1.0                     -1.0                         
b2250e4e-662c-4ab1-8a29-cf497026d344 48                     43.92096905018213   0.39422729662508327  0.0                       50141.44796503068    0.0                    0.7008171584149587     0.0                        0.0                             0.0                               00000000-0000-0000-0000-000000000000 00000000-0000-0000-0000-000000000000 3                9990000.0           98b46d0b-8c1b-4231-8e98-141f021ee68f -1.0                   -1.0                     -1.0                         
0681dd83-7f30-4979-a8ab-fe9daece48ea 49                     115.25352206263491  0.7663139554531133   0.0                       50026.670387456135   0.0                    0.14043507021674048    0.0                        0.0                             0.0                               00000000-0000-0000-0000-000000000000 00000000-0000-0000-0000-000000000000 3                9990000.0           4bc47c4b-d5db-48b0-b201-9350040958ec -1.0                   -1.0                     -1.0                         
b080cb1e-1ef5-421b-88b5-bd67f11f6cfe 50                     60.72681455569153   0.4655674097569668   0.0                       50242.13496586612    0.0                    0.14491098927856816    0.0                        0.0                             0.0                               00000000-0000-0000-0000-000000000000 00000000-0000-0000-0000-000000000000 2                9990000.0           9ae780ac-ba7f-4486-bab6-4cf72900cfdd -1.0                   -1.0                     -1.0                         
4cd60c6d-f0c3-4e2e-a557-cf805be42533 51                     12.109383227731257  0.777408604093328    3.0232200000000002        50087.645303337755   0.0                    0.7798768411308924     0.0                        0.0                             0.0                               00000000-0000-0000-0000-000000000000 00000000-0000-0000-0000-000000000000 1                9990000.0           d08e1276-1437-462a-a75b-fbb4b53a2340 -1.0                   -1.0                     -1.0                         
eabca8dc-71b6-40f5-bb00-5d34208b72ca 52                     37.54801920794587   0.19455054975326894  1.3828619786487468        50153.70339619769    0.0                    0.021290207538138463   0.0                        0.0                             0.0                               00000000-0000-0000-0000-000000000000 00000000-0000-0000-0000-000000000000 1                9990000.0           809a1681-9c9a-4681-b2f9-c4f84537100f -1.0                   -1.0                     -1.0                         
4b9e3453-5ab6-4a0a-95b5-22fce0f41bf1 53                     38.116008838922234  0.42532073194043524  3.0162400000000003        50116.9740246559     0.0                    0.28343088816136774    0.0                        0.0                             0.0                               00000000-0000-0000-0000-000000000000 00000000-0000-0000-0000-000000000000 1                9990000.0           410416dc-c9c7-4673-a0e8-4211ce544123 -1.0                   -1.0                     -1.0                         
f1a3eff8-f1cb-4a0b-8e15-27f529c7428d 53                     24.18070834229626   0.7344371498905674   3.03718                   50110.00672081907    0.0                    0.2447940082287029     0.0                        0.0                             0.0                               00000000-0000-0000-0000-000000000000 00000000-0000-0000-0000-000000000000 1                9990000.0           11399f0d-9bfb-4082-b1c7-b35c857c9219 -1.0                   -1.0                     -1.0                         
fc505c0d-df95-414e-8de1-befa41ec0006 55                     43.154849253057456  0.24908059569948715  0.0                       50124.376271162306   0.0                    0.8833766035716359     0.0                        0.0                             0.0                               00000000-0000-0000-0000-000000000000 00000000-0000-0000-0000-000000000000 3                9990000.0           5f38dc72-c1b6-4c2a-a9d3-009e728a9dcd -1.0                   -1.0                     -1.0                         
8f638758-5bf9-4458-bd2e-d60c8f4f675c 56                     24.712658361884586  0.5629489494662764   2.9673800000000004        50115.48735534953    0.0                    0.28926538683832553    0.0                        0.0                             0.0                               00000000-0000-0000-0000-000000000000 00000000-0000-0000-0000-000000000000 1                9990000.0           50d10056-be10-414b-a0b6-930f858102c8 -1.0                   -1.0                     -1.0                         
69a9142c-7e07-4b32-9036-4a19d1c9d142 56                     32.36629939062232   0.4286876490056419   3.04416                   50140.47586195735    0.0                    0.20888046401376362    0.0                        0.0                             0.0                               00000000-0000-0000-0000-000000000000 00000000-0000-0000-0000-000000000000 1                9990000.0           6d89e3bc-5764-48fd-9459-97e5675e824d -1.0                   -1.0                     -1.0                         
054194d7-a74a-4257-bc96-14e7dc31e201 57                     389.18190184575064  0.6061887017372843   0.0                       50434.335323415966   0.0                    0.5799714599012793     0.0                        0.0                             0.0                               00000000-0000-0000-0000-000000000000 00000000-0000-0000-0000-000000000000 8                9990000.0           290edd43-c89f-49b8-a618-ab77727696fb -1.0                   -1.0                     -1.0                         
87664cef-1586-4356-9670-9eec9fbce041 60                     23.753472464938792  0.2851163621095446   3.05114                   50198.871261721724   0.0                    0.10979640404787723    0.0                        0.0                             0.0                               00000000-0000-0000-0000-000000000000 00000000-0000-0000-0000-000000000000 1                9990000.0           2652edef-1053-4079-9fe4-c4fb4bfc6bd0 -1.0                   -1.0                     -1.0                         
e88c284a-7de9-4775-8d70-f3b6640544c3 61                     136.25002578608783  0.7934459276954152   0.0                       50048.59158697563    0.0                    0.2458794654760375     0.0                        0.0                             0.0                               00000000-0000-0000-0000-000000000000 00000000-0000-0000-0000-000000000000 4                9990000.0           28119dd3-f2ea-4e8b-8e55-f45e453a8456 -1.0                   -1.0                     -1.0                         
f30c2c12-5c9b-44e6-914c-d6d6ea0d1b70 61                     31.06336125275238   0.537733872269035    0.0                       50091.637433197335   0.0                    0.32486174718682176    0.0                        0.0                             0.0                               00000000-0000-0000-0000-000000000000 00000000-0000-0000-0000-000000000000 2                9990000.0           307f4707-755a-42a7-9a81-9bca5796ce42 -1.0                   -1.0                     -1.0                         
fd21ff4c-35e9-424d-aa19-c7ecc57bf476 63                     128.74888421029053  0.22337988469330133  0.0                       50159.454284066625   0.0                    0.2364461767758736     0.0                        0.0                             0.0                               00000000-0000-0000-0000-000000000000 00000000-0000-0000-0000-000000000000 7                9990000.0           00494b82-8c59-4071-8e13-f1470e072066 -1.0                   -1.0                     -1.0                         
c971b56a-ed97-410d-b1c9-a967900d58dd 63                     32.95681246747333   0.40596293077596646  0.0                       50126.91288383613    0.0                    0.8292254608083368     0.0                        0.0                             0.0                               00000000-0000-0000-0000-000000000000 00000000-0000-0000-0000-000000000000 2                9990000.0           6f4a815a-3b02-483d-9325-e3f53d6b2482 -1.0                   -1.0                     -1.0                         
550705cb-c182-4617-b36f-e11c8440c402 64                     199.8224737475992   0.33160382513186787  0.0                       50028.129381885774   0.0                    0.5167497074158128     0.0                        0.0                             0.0                               00000000-0000-0000-0000-000000000000 00000000-0000-0000-0000-000000000000 6                9990000.0           0860dbbf-b08a-4c1e-a096-9c4295224784 -1.0                   -1.0                     -1.0                         
328d7c3a-7485-43db-9168-d16a7d70cabc 67                     71.14790192654468   0.6261001765574774   0.0                       50158.77217999369    0.0                    0.6601495960260191     0.0                        0.0                             0.0                               00000000-0000-0000-0000-000000000000 00000000-0000-0000-0000-000000000000 2                9990000.0           ab2d58f3-0e8e-4502-9c51-4cc4d4804b03 -1.0                   -1.0                     -1.0                         
b4c110ce-cb53-4d5d-a490-7a5cc8515769 69                     327.29378920433066  0.5976403880639032   0.0                       50203.75537149836    0.0                    0.6676938857403085     0.0                        0.0                             0.0                               00000000-0000-0000-0000-000000000000 00000000-0000-0000-0000-000000000000 8                9990000.0           4e151415-b004-404e-a0db-90330dcd9166 -1.0                   -1.0                     -1.0                         
e1f96840-3fd6-45dd-8239-113f64a67a80 70                     110.91663043753111  0.7113722467925568   0.0                       50056.05608406983    0.0                    0.6973268027558251     0.0                        0.0                             0.0                               00000000-0000-0000-0000-000000000000 00000000-0000-0000-0000-000000000000 5                9990000.0           94a010db-8a17-4af3-a654-17e6c7c1c4bf -1.0                   -1.0                     -1.0                         
43a29a51-01ed-4d5f-9ada-f1bfcd0a5347 71                     151.70259649831178  0.8454224522236713   0.0                       50187.899990984675   0.0                    0.13379372494640052    0.0                        0.0                             0.0                               00000000-0000-0000-0000-000000000000 00000000-0000-0000-0000-000000000000 5                9990000.0           57a6b787-8415-4ead-ae97-304d2adc06bc -1.0                   -1.0                     -1.0                         
27629aba-c077-4016-8068-48ca6a904c1c 72                     36.1126043636508    0.2035605062038707   3.0292833041486675        50096.716167759136   0.0                    0.06736941045571841    0.0                        0.0                             0.0                               00000000-0000-0000-0000-000000000000 00000000-0000-0000-0000-000000000000 1                9990000.0           5f23ce17-c6c8-4ede-b5cc-4b77af61e94b -1.0                   -1.0                     -1.0                         
dd398983-f199-41e1-afb5-5c5b56d159da 72                     35.048062720538056  0.42369281085349364  0.0                       50021.08403639358    0.0                    0.8733747442049076     0.0                        0.0                             0.0                               00000000-0000-0000-0000-000000000000 00000000-0000-0000-0000-000000000000 2                9990000.0           edb48168-21ab-4002-8fa9-d0435f1f5535 -1.0                   -1.0                     -1.0                         
1fb848e7-517c-486b-8470-db03fee15d1a 74                     15.044555854169978  0.3731670766918129   2.9883200000000003        50115.871004771914   0.0                    0.8706686482259697     0.0                        0.0                             0.0                               00000000-0000-0000-0000-000000000000 00000000-0000-0000-0000-000000000000 1                9990000.0           0545779e-81fc-41be-9634-0e48e55f8a22 -1.0                   -1.0                     -1.0                         
74eab9b5-e921-4d6d-bb32-12aaba9227d4 76                     135.45294069147292  0.05718997374150504  0.0                       50064.00788974287    0.0                    0.5643905641794562     0.0                        0.0                             0.0                               00000000-0000-0000-0000-000000000000 00000000-0000-0000-0000-000000000000 7                9990000.0           f5f4d776-4792-40ba-9234-0a817512ac72 -1.0                   -1.0                     -1.0                         
721128e8-3170-4bf1-a9ce-d612b50f6e2f 77                     41.073382190197584  0.14544734148607     2.9845977504981414        50157.4208677256     0.0                    0.5602186343346581     0.0                        0.0                             0.0                               00000000-0000-0000-0000-000000000000 00000000-0000-0000-0000-000000000000 1                9990000.0           fb82da60-75c4-42fd-8401-7e6ab1dff277 -1.0                   -1.0                     -1.0                         
3526239f-650a-4693-b1c4-3144cd4590f6 77                     88.79114265010658   0.4071498292080626   0.0                       50149.97809598406    0.0                    0.14791851393876745    0.0                        0.0                             0.0                               00000000-0000-0000-0000-000000000000 00000000-0000-0000-0000-000000000000 4                9990000.0           44d3b50d-5b03-4ba9-9fec-a50d4e1ceea1 -1.0                   -1.0                     -1.0                         
73c185cc-b25a-4a7d-827b-60fe7838a57c 78                     174.81878922782792  0.8621087385330205   0.0                       50260.67423474792    0.0                    0.3655429656860685     0.0                        0.0                             0.0                               00000000-0000-0000-0000-000000000000 00000000-0000-0000-0000-000000000000 4                9990000.0           fb51cc79-9e27-43db-935a-c50d4593e9bb -1.0                   -1.0                     -1.0                         
23ffce94-cf76-4916-8d5d-3b9a3510f4ae 79                     29.37371690469278   0.1884506755174751   2.498187782156119         50170.23690587356    0.0                    0.16677847482962818    0.0                        0.0                             0.0                               00000000-0000-0000-0000-000000000000 00000000-0000-0000-0000-000000000000 1                9990000.0           02ad9dca-7691-4f45-86af-255514dd5c2f -1.0                   -1.0                     -1.0                         
1904d498-75d5-43a9-9198-9b7fca6fbc35 79                     78.85879152173109   0.6005148812869389   0.0                       50020.559088465954   0.0                    0.4819717535495638     0.0                        0.0                             0.0                               00000000-0000-0000-0000-000000000000 00000000-0000-0000-0000-000000000000 3                9990000.0           c3788384-3051-44c3-8228-74d83f3fa2cb -1.0                   -1.0                     -1.0                         
5ebee691-7d76-431b-8a8e-838cbf5f447b 80                     24.058957262095685  0.34118975622203906  2.9813400000000003        50162.834281770774   0.0                    0.21519008545037865    0.0                        0.0                             0.0                               00000000-0000-0000-0000-000000000000 00000000-0000-0000-0000-000000000000 1                9990000.0           85dcd406-920c-49cb-bdd5-db4ebb98a1a2 -1.0                   -1.0                     -1.0                         
ad672d46-536f-4d94-9cd6-1766e84431d4 82                     37.912608671856354  0.15301904909912856  2.0828952982439435        50264.18730467308    0.0                    0.05958116303243229    0.0                        0.0                             0.0                               00000000-0000-0000-0000-000000000000 00000000-0000-0000-0000-000000000000 1                9990000.0           49bef264-d6c7-4113-b11d-917b48ee1bb7 -1.0                   -1.0                     -1.0                         
9416e60f-2a30-4db1-8073-9edb6bf4f36c 82                     37.6421727569595    0.11435269199557543  2.181608192626141         50067.94407940391    0.0                    0.7144789806576113     0.0                        0.0                             0.0                               00000000-0000-0000-0000-000000000000 00000000-0000-0000-0000-000000000000 1                9990000.0           d31b8855-e024-44b3-b7d1-647a5259bda2 -1.0                   -1.0                     -1.0                         
7e5c67b6-51ed-49fe-ae5a-047b4a71166b 82                     273.08477403459403  0.07057540759332293  0.0                       50401.78642648805    0.0                    0.4552643881432218     0.0                        0.0                             0.0                               00000000-0000-0000-0000-000000000000 00000000-0000-0000-0000-000000000000 8                9990000.0           98740eea-40af-42ce-b25d-4a26ed423035 -1.0                   -1.0                     -1.0                         
f501ce28-e37e-4c05-b692-0b8a98ff7872 83                     16.017957380950456  0.07567438718157853  0.9002082174548077        50149.56621179348    0.0                    0.6568716774584201     0.0                        0.0                             0.0                               00000000-0000-0000-0000-000000000000 00000000-0000-0000-0000-000000000000 1                9990000.0           02fe48b1-1377-4f51-9387-11576d66d24a -1.0                   -1.0                     -1.0                         
48f7acd4-dd77-4354-b207-02600338ad7d 83                     21.135928858370452  0.16157188621546525  2.729012798313784         50145.63522629654    0.0                    0.6775467994836372     0.0                        0.0                             0.0                               00000000-0000-0000-0000-000000000000 00000000-0000-0000-0000-000000000000 1                9990000.0           03c768d4-19a1-4718-9fb0-cbb90ac4a662 -1.0                   -1.0                     -1.0                         
de6de4f9-429f-4888-ba4c-54a5d1de8600 83                     267.23361072619315  0.16030279070276476  0.0                       50341.37020339625    0.0                    0.3851344359579097     0.0                        0.0                             0.0                               00000000-0000-0000-0000-000000000000 00000000-0000-0000-0000-000000000000 16               9990000.0           ccb4db7f-8a0d-4488-9d73-8ed3172a0435 -1.0                   -1.0                     -1.0                         
a58acdf8-0862-4158-b41e-06ad4da95e47 86                     27.24871695618283   0.45723690677584533  3.09302                   50096.65681492585    0.0                    0.5722643182149841     0.0                        0.0                             0.0                               00000000-0000-0000-0000-000000000000 00000000-0000-0000-0000-000000000000 1                9990000.0           af2aebfe-d95c-4df0-9455-70536f000534 -1.0                   -1.0                     -1.0                         
cb2050b3-c638-4e6d-b52c-bc91f9fdb892 87                     32.945024815564345  0.24860862069807366  2.6802262623952102        50191.081471775076   0.0                    0.5960943698848219     0.0                        0.0                             0.0                               00000000-0000-0000-0000-000000000000 00000000-0000-0000-0000-000000000000 1                9990000.0           a33969f7-e99e-431d-a4c4-9a195b40391e -1.0                   -1.0                     -1.0                         
a6e645df-117f-4f87-8c49-fb334584de40 87                     84.4545673428991    0.21305544364056112  0.0                       50242.6526202317     0.0                    0.8017520700657359     0.0                        0.0                             0.0                               00000000-0000-0000-0000-000000000000 00000000-0000-0000-0000-000000000000 3                9990000.0           4484b858-03e7-48b1-a73a-415dad531c26 -1.0                   -1.0                     -1.0                         
bd5c3037-1870-464b-88ec-79afbe9c12a6 88                     44.80472885663841   0.4989299433434876   0.0                       50098.77111473292    0.0                    0.5311350556187316     0.0                        0.0                             0.0                               00000000-0000-0000-0000-000000000000 00000000-0000-0000-0000-000000000000 2                9990000.0           0669b1ed-bc82-4ad2-9ac2-4d6a4fcbdf25 -1.0                   -1.0                     -1.0                         
9864077d-e381-4fce-b220-165480a8d5ad 89                     38.862929161769785  0.22167845286704388  3.05812                   50172.06995843071    0.0                    0.04382540178942767    0.0                        0.0                             0.0                               00000000-0000-0000-0000-000000000000 00000000-0000-0000-0000-000000000000 1                9990000.0           84d52632-d352-4519-8a5a-87f88688e97d -1.0                   -1.0                     -1.0                         
78720a13-cf51-4b7c-8d83-11da19fc522b 91                     229.2256607289237   0.8692103763201716   0.0                       50017.465402811045   0.0                    0.1287615439460913     0.0                        0.0                             0.0                               00000000-0000-0000-0000-000000000000 00000000-0000-0000-0000-000000000000 5                9990000.0           8cf0ad52-e829-4982-aba0-26549938d9c1 -1.0                   -1.0                     -1.0                         
a43f5be2-86da-49e6-a3e3-318f7fdaa0b5 91                     41.60453322483298   0.7068435869338597   3.07208                   50061.16942684782    0.0                    0.09532590089431844    0.0                        0.0                             0.0                               00000000-0000-0000-0000-000000000000 00000000-0000-0000-0000-000000000000 1                9990000.0           867abcd9-7c4a-41e2-9165-d27e57811097 -1.0                   -1.0                     -1.0                         
9362796f-9076-46de-9c62-0a77a57f32cf 92                     10.515590824257227  0.32242279672338614  2.9534200000000004        50070.2790354531     0.0                    0.3500801996411464     0.0                        0.0                             0.0                               00000000-0000-0000-0000-000000000000 00000000-0000-0000-0000-000000000000 1                9990000.0           ddf3c14d-015d-4e33-adcb-3e5cd74dda0b -1.0                   -1.0                     -1.0                         
1c0fbd67-854e-4909-be78-0d9ad915c15e 92                     15.11796433550875   0.3430878906006738   3.0162400000000003        50175.504268814504   0.0                    0.0927959187906141     0.0                        0.0                             0.0                               00000000-0000-0000-0000-000000000000 00000000-0000-0000-0000-000000000000 1                9990000.0           b5cfa9ae-781c-4212-9e6d-65976c576bc2 -1.0                   -1.0                     -1.0                         
ede3d292-05d8-4e2b-b1ea-159a32276159 92                     133.43778396661347  0.5316839263156673   0.0                       50121.78261236756    0.0                    0.32856434777393867    0.0                        0.0                             0.0                               00000000-0000-0000-0000-000000000000 00000000-0000-0000-0000-000000000000 5                9990000.0           ea6a6513-baca-4dfe-9de8-1912ccccb31e -1.0                   -1.0                     -1.0                         
cbe1c630-1d61-482f-b2cf-40b9a0aedc04 92                     39.93352497007609   0.07290564260770818  2.0488152322662176        50128.00839006879    0.0                    0.4214889748561905     0.0                        0.0                             0.0                               00000000-0000-0000-0000-000000000000 00000000-0000-0000-0000-000000000000 1                9990000.0           9961b714-ac4a-4bbc-aabf-1288eb28b4d9 -1.0                   -1.0                     -1.0                         
758a63a4-dd82-4c58-ab9b-3873302a3fcd 92                     124.11413203518079  0.46946427961983433  0.0                       50296.906977295934   0.0                    0.28767944883071744    0.0                        0.0                             0.0                               00000000-0000-0000-0000-000000000000 00000000-0000-0000-0000-000000000000 8                9990000.0           bcb547fc-25e9-4e0c-bb90-d08976857d72 -1.0                   -1.0                     -1.0                         
d930d28a-a057-420e-9232-b2ccc893247d 93                     12.637044497044549  0.28271431016216036  2.9883200000000003        50129.33490111362    0.0                    0.030356838694690025   0.0                        0.0                             0.0                               00000000-0000-0000-0000-000000000000 00000000-0000-0000-0000-000000000000 1                9990000.0           a7c59417-8be8-4971-af96-f82c608a9969 -1.0                   -1.0                     -1.0                         
c68868a9-9222-49ee-aea2-6f881cdb79cf 95                     27.26822918779395   0.38402259132304617  3.0232200000000002        50175.08259882508    0.0                    0.6665948307755336     0.0                        0.0                             0.0                               00000000-0000-0000-0000-000000000000 00000000-0000-0000-0000-000000000000 1                9990000.0           4a72eff1-c5c2-437a-b7c4-f8e4530b623b -1.0                   -1.0                     -1.0                         
c76046f2-4910-4cd8-9ebe-56ac22232c4a 95                     104.39678835868948  0.7711575139691783   0.0                       50162.78427774327    0.0                    0.4791441179569128     0.0                        0.0                             0.0                               00000000-0000-0000-0000-000000000000 00000000-0000-0000-0000-000000000000 6                9990000.0           9b2331ba-857f-4904-91cb-042d3fb3978e -1.0                   -1.0                     -1.0                         
b37475d3-f9ac-4f05-8206-4836b13d4170 98                     61.70498829766761   0.6389425270920888   0.0                       50036.64080332791    0.0                    0.1857454245272293     0.0                        0.0                             0.0                               00000000-0000-0000-0000-000000000000 00000000-0000-0000-0000-000000000000 2                9990000.0           225f1efc-74f0-4a25-9010-3efac5a935f7 -1.0                   -1.0                     -1.0                         
e3551288-093f-4e50-a7b1-fa5f5d70ec50 99                     11.721641781294771  0.025199952372178584 1.9968316607458063        50066.04168761191    0.0                    0.37640630651556634    0.0                        0.0                             0.0                               00000000-0000-0000-0000-000000000000 00000000-0000-0000-0000-000000000000 1                9990000.0           e480e0ca-ff59-4549-8a9d-027aee9c6efb -1.0                   -1.0                     -1.0                         
