unique_id::uuid.UUID                 galaxy_id::numpy.int64 mass::numpy.float64 spin::numpy.float64    spin_angle::numpy.float64 orb_a::numpy.float64 orb_inc::numpy.float64 orb_ecc::numpy.float64 orb_ang_mom::numpy.float64 orb_arg_periapse::numpy.float64 migration_velocity::numpy.float64 parent_unique_id::uuid.UUID          parent_unique_id_2::uuid.UUID        gen::numpy.int64 time::numpy.float64 progenitor_unique_id::uuid.UUID      gw_freq::numpy.float64 gw_strain::numpy.float64 gw_char_strain::numpy.float64 
f6fadf61-6584-4dcc-a38e-efeec055a210 0                      16.31639255269591   0.12208034013418706    0.1530340414633483        6.0                  3.113430256115786      0.99999999             -1.0                       0.0                             0.0                               00000000-0000-0000-0000-000000000000 00000000-0000-0000-0000-000000000000 1                9990000.0           00000000-0000-0000-0000-000000000000 4.2947928239401014e-05 4.868656051288769e-18    -1.0                         
dfa09557-a73e-4780-b64d-0730c7f65fa5 1                      11.393387112396717  0.05239060060156821    0.8053411664629417        6.0                  3.141055860987846      0.01                   -1.0                       1.5707963267948966              0.0                               00000000-0000-0000-0000-000000000000 00000000-0000-0000-0000-000000000000 1                9990000.0           00000000-0000-0000-0000-000000000000 4.294792718223675e-05  3.39967814149461e-18     -1.0                         
b4c6369b-077e-4df3-9ab9-f629213e83bb 3                      26.237597142845466  -0.04684413112878469   2.514605635288712         6.0                  3.1272898058834873     0.99999999             -1.0                       0.0                             0.0                               00000000-0000-0000-0000-000000000000 00000000-0000-0000-0000-000000000000 1                9990000.0           00000000-0000-0000-0000-000000000000 4.2947930369876525e-05 7.829048957251589e-18    -1.0                         
83ee00d8-52a7-4f78-9869-5184c11d1409 6                      18.22529574032213   -0.03578950579997303   2.6162156978940914        6.0                  3.1413849424086933     0.01                   -1.0                       1.5707963267948966              0.0                               00000000-0000-0000-0000-000000000000 00000000-0000-0000-0000-000000000000 1                9990000.0           00000000-0000-0000-0000-000000000000 4.294792864931813e-05  5.438254571656877e-18    -1.0                         
11c914d3-0feb-44c2-9745-6933120c863f 7                      12.114531683691093  -0.0554370522919466    3.0806382311159006        6.0                  1.4781892711880782     0.99999999             -1.0                       0.0                             0.0                               00000000-0000-0000-0000-000000000000 00000000-0000-0000-0000-000000000000 1                9990000.0           00000000-0000-0000-0000-000000000000 4.2947927337095054e-05 3.6148608094493785e-18   -1.0                         
7536b294-6cd0-4663-be34-5f7b8769468f 7                      21.111940645410144  -0.08321561243760542   3.001737620929083         6.0                  3.0108512722344343     0.99999999             -1.0                       0.0                             0.0                               00000000-0000-0000-0000-000000000000 00000000-0000-0000-0000-000000000000 1                9990000.0           00000000-0000-0000-0000-000000000000 4.29479292691951e-05   6.299601903163469e-18    -1.0                         
0c7c7b93-413e-4482-a30b-808490073523 7                      15.497186328202584  0.04179604364499037    1.5673404611251691        6.0                  0.0                    0.01                   -1.0                       0.0                             0.0                               00000000-0000-0000-0000-000000000000 00000000-0000-0000-0000-000000000000 1                9990000.0           00000000-0000-0000-0000-000000000000 4.294792806348499e-05  4.624212720494189e-18    -1.0                         
16c636ba-a378-45f0-bc15-be3db2d2636d 7                      15.358602704769522  0.12140476968865586    0.0508582133878786        6.0                  0.0                    0.01                   -1.0                       0.0                             0.0                               00000000-0000-0000-0000-000000000000 00000000-0000-0000-0000-000000000000 1                9990000.0           00000000-0000-0000-0000-000000000000 4.294792803372559e-05  4.5828606878890774e-18   -1.0                         
eeff3e05-473f-4952-bdb9-0d6ca0f2f610 7                      20.66309908576084   0.12235247873101647    0.11684731570142158       6.0                  0.0                    0.01                   -1.0                       0.0                             0.0                               00000000-0000-0000-0000-000000000000 00000000-0000-0000-0000-000000000000 1                9990000.0           00000000-0000-0000-0000-000000000000 4.294792917281105e-05  6.165671858982507e-18    -1.0                         
b48e3a2b-64fd-4094-b0a1-880c04e1b26b 8                      10.365141601841263  -0.016132384502770575  1.9017940331868313        6.0                  3.141304627043194      0.01                   -1.0                       1.5707963267948966              0.0                               00000000-0000-0000-0000-000000000000 00000000-0000-0000-0000-000000000000 1                9990000.0           00000000-0000-0000-0000-000000000000 4.294792696143171e-05  3.0928594797709348e-18   -1.0                         
4521beb8-59e5-4c2d-b211-cf7c29acf0dc 9                      22.42828254789032   0.02944791420467679    0.15205049766209372       6.0                  2.287221708473918      0.99999999             -1.0                       0.0                             0.0                               00000000-0000-0000-0000-000000000000 00000000-0000-0000-0000-000000000000 1                9990000.0           00000000-0000-0000-0000-000000000000 4.294792955186584e-05  6.69238578283399e-18     -1.0                         
f20c6785-f981-4df4-b4a5-17add16d36cd 12                     26.428752871134385  0.060725858076041805   1.5302233375892829        6.0                  3.0923254363283097     0.99999999             -1.0                       0.0                             0.0                               00000000-0000-0000-0000-000000000000 00000000-0000-0000-0000-000000000000 1                9990000.0           00000000-0000-0000-0000-000000000000 4.2947930410925225e-05 7.886088004961833e-18    -1.0                         
5db3e308-0501-4468-92d3-eff89dcef70c 13                     32.757011840575075  0.03522039067105189    0.036878298769737444      6.0                  0.0                    0.01                   -1.0                       0.0                             0.0                               00000000-0000-0000-0000-000000000000 00000000-0000-0000-0000-000000000000 1                9990000.0           00000000-0000-0000-0000-000000000000 4.294793176985297e-05  9.77438017654232e-18     -1.0                         
2ea62a7d-3b8d-4d0b-bbbb-897d3de91d3e 13                     13.22680466442928   0.08458961351366266    0.2676367278232712        6.0                  3.1388556981155844     0.01                   -1.0                       1.5707963267948966              0.0                               00000000-0000-0000-0000-000000000000 00000000-0000-0000-0000-000000000000 1                9990000.0           00000000-0000-0000-0000-000000000000 4.2947927575944115e-05 3.946752467539036e-18    -1.0                         
a11e61ca-2f86-404c-bb97-10ca648859e3 15                     22.85304554024522   -0.12451103661592039   2.835910726627196         6.0                  0.0                    0.01                   -1.0                       0.0                             0.0                               00000000-0000-0000-0000-000000000000 00000000-0000-0000-0000-000000000000 1                9990000.0           00000000-0000-0000-0000-000000000000 4.2947929643079274e-05 6.819131011990081e-18    -1.0                         
dca116de-2254-4e51-bf49-48a21d4626d1 15                     20.96170296360791   -0.15695085957549634   2.8678917475116625        6.0                  0.0                    0.01                   -1.0                       0.0                             0.0                               00000000-0000-0000-0000-000000000000 00000000-0000-0000-0000-000000000000 1                9990000.0           00000000-0000-0000-0000-000000000000 4.294792923693312e-05  6.254772410597898e-18    -1.0                         
67e57f55-adb4-406b-90a9-dc81b2300793 16                     12.611647292939319  0.013835573938446734   1.201102122177898         6.0                  0.0                    0.99999999             -1.0                       0.0                             0.0                               00000000-0000-0000-0000-000000000000 00000000-0000-0000-0000-000000000000 1                9990000.0           00000000-0000-0000-0000-000000000000 4.2947927443845464e-05 3.76319537000496e-18     -1.0                         
bea7f951-c9d8-45cd-b8b5-2e7a850b52e9 16                     15.129105642671725  0.004675969215719982   0.5251593342205361        6.0                  0.0                    0.01                   -1.0                       0.0                             0.0                               00000000-0000-0000-0000-000000000000 00000000-0000-0000-0000-000000000000 1                9990000.0           00000000-0000-0000-0000-000000000000 4.294792798444348e-05  4.514380951542525e-18    -1.0                         
41efaea6-ff62-4b9f-a63c-7ce4f658ab50 17                     28.682693677884448  -0.0795048854665501    2.6371267953330984        6.0                  0.0                    0.01                   -1.0                       0.0                             0.0                               00000000-0000-0000-0000-000000000000 00000000-0000-0000-0000-000000000000 1                9990000.0           00000000-0000-0000-0000-000000000000 4.2947930894935565e-05 8.558642462853767e-18    -1.0                         
9334c89d-fe15-4726-8513-06b5ea40ce30 19                     23.27484964260469   0.10129422491014638    1.0410513207875953        6.0                  0.0                    0.99999999             -1.0                       0.0                             0.0                               00000000-0000-0000-0000-000000000000 00000000-0000-0000-0000-000000000000 1                9990000.0           00000000-0000-0000-0000-000000000000 4.294792973365732e-05  6.944993336568166e-18    -1.0                         
fa422bec-0ad2-4b5b-bb15-404c27a90bd1 19                     12.221693246593944  -0.138407976880098     2.077916019326799         6.0                  0.0                    0.01                   -1.0                       0.0                             0.0                               00000000-0000-0000-0000-000000000000 00000000-0000-0000-0000-000000000000 1                9990000.0           00000000-0000-0000-0000-000000000000 4.294792736010689e-05  3.646836798627594e-18    -1.0                         
00c8be28-341f-4e0f-9aae-23c9925ae630 19                     13.40580227461641   0.09781121385402222    2.6153783989387303        1.0                  3.1925201206982683     0.5640171251513425     -1.0                       0.0                             0.0                               00000000-0000-0000-0000-000000000000 00000000-0000-0000-0000-000000000000 1                9990000.0           00000000-0000-0000-0000-000000000000 0.0006312030489913386  2.4000981892008168e-17   3.067376819922427e-17        
899a58d1-f3c7-48b7-a45a-df6130d243bd 20                     23.315156381071944  0.025605915383344377   0.4919170463043648        6.0                  3.033824691110042      0.99999999             -1.0                       0.0                             0.0                               00000000-0000-0000-0000-000000000000 00000000-0000-0000-0000-000000000000 1                9990000.0           00000000-0000-0000-0000-000000000000 4.2947929742312775e-05 6.95702048322528e-18     -1.0                         
2ca193c2-82dc-4d5d-a13b-8a57edf9f899 20                     12.41849594238835   0.17478708697576695    0.6327759416354648        6.0                  3.0854951764887932     0.99999999             -1.0                       0.0                             0.0                               00000000-0000-0000-0000-000000000000 00000000-0000-0000-0000-000000000000 1                9990000.0           00000000-0000-0000-0000-000000000000 4.294792740236822e-05  3.70556084762892e-18     -1.0                         
f210a3c3-7b73-4e98-ae63-68997e587ce4 21                     28.25777557143099   -0.11639325050260373   1.7728044428834198        6.0                  2.1881505298332953     0.99999999             -1.0                       0.0                             0.0                               00000000-0000-0000-0000-000000000000 00000000-0000-0000-0000-000000000000 1                9990000.0           00000000-0000-0000-0000-000000000000 4.294793080368882e-05  8.431850949128819e-18    -1.0                         
ea371251-a38d-45c2-a5ec-cabbebd0f22d 21                     10.244140213028421  0.09116800253022005    0.729500027744718         6.0                  2.714368089538856      0.99999999             -1.0                       0.0                             0.0                               00000000-0000-0000-0000-000000000000 00000000-0000-0000-0000-000000000000 1                9990000.0           00000000-0000-0000-0000-000000000000 4.2947926935447914e-05 3.0567538184272667e-18   -1.0                         
6f4d81c0-25c5-4338-ada7-0f4f1ac263da 22                     11.906987045841962  0.40115720100844066    0.0                       1.5743216532014455   3.141134002821112      0.01                   -1.0                       1.5707963267948966              0.0                               00000000-0000-0000-0000-000000000000 00000000-0000-0000-0000-000000000000 1                9990000.0           00000000-0000-0000-0000-000000000000 0.0003195426861324462  1.3540808995717568e-17   1.2545014563546893e-17       
819c8084-006a-4e49-a581-e26d8b47b66c 23                     13.77479982608232   -0.0732934129714221    3.1010918729459407        6.0                  0.29552992535677464    0.99999999             -1.0                       0.0                             0.0                               00000000-0000-0000-0000-000000000000 00000000-0000-0000-0000-000000000000 1                9990000.0           00000000-0000-0000-0000-000000000000 4.294792769362038e-05  4.1102690016774735e-18   -1.0                         
00696e95-16a7-4709-b4c6-c69651a897ad 26                     35.07849848147769   0.027076521395805145   1.2208649942345968        6.0                  3.0317849951130986     0.99999999             -1.0                       0.0                             0.0                               00000000-0000-0000-0000-000000000000 00000000-0000-0000-0000-000000000000 1                9990000.0           00000000-0000-0000-0000-000000000000 4.294793226836806e-05  1.0467089667669948e-17   -1.0                         
3d9a39ec-6c10-4cb7-aaeb-3a1a1ecfcbcd 26                     10.38200252764126   0.14645513164702859    1.280779279848998         6.0                  2.2502655024687384     0.99999999             -1.0                       0.0                             0.0                               00000000-0000-0000-0000-000000000000 00000000-0000-0000-0000-000000000000 1                9990000.0           00000000-0000-0000-0000-000000000000 4.294792696505241e-05  3.0978906193541102e-18   -1.0                         
a534469a-9dbb-4744-85ad-e2ae213fc965 26                     10.721746677558059  -0.08583675250083402   2.831515304378378         6.0                  0.0                    0.01                   -1.0                       0.0                             0.0                               00000000-0000-0000-0000-000000000000 00000000-0000-0000-0000-000000000000 1                9990000.0           00000000-0000-0000-0000-000000000000 4.294792703800894e-05  3.1992670361104634e-18   -1.0                         
8e5e5197-fcb5-4edc-8b21-e06da0ce71e2 26                     22.747055476015294  -0.14478440335550344   2.8552415160755125        6.0                  0.0                    0.01                   -1.0                       0.0                             0.0                               00000000-0000-0000-0000-000000000000 00000000-0000-0000-0000-000000000000 1                9990000.0           00000000-0000-0000-0000-000000000000 4.2947929620319004e-05 6.787504586852115e-18    -1.0                         
a07af2b0-2f42-4b91-88e7-7834e2a25e80 26                     13.639142990488784  -0.03199457165615833   3.0515418321602876        6.0                  0.0                    0.01                   -1.0                       0.0                             0.0                               00000000-0000-0000-0000-000000000000 00000000-0000-0000-0000-000000000000 1                9990000.0           00000000-0000-0000-0000-000000000000 4.294792766448949e-05  4.0697902946729614e-18   -1.0                         
b697647c-232b-4ba4-8a8f-e50ca7162bb1 28                     16.321261994180265  -0.18369135064479633   1.8623295025996716        6.0                  2.6158112072356055     0.99999999             -1.0                       0.0                             0.0                               00000000-0000-0000-0000-000000000000 00000000-0000-0000-0000-000000000000 1                9990000.0           00000000-0000-0000-0000-000000000000 4.294792824044668e-05  4.8701090462245445e-18   -1.0                         
b413fbcc-6453-40f7-9752-a8e280372298 29                     16.67161508260621   -0.054076255650535504  2.888614328766562         6.0                  3.0564131711387543     0.99999999             -1.0                       0.0                             0.0                               00000000-0000-0000-0000-000000000000 00000000-0000-0000-0000-000000000000 1                9990000.0           00000000-0000-0000-0000-000000000000 4.294792831568135e-05  4.974651069134557e-18    -1.0                         
78aa2189-ad28-4e90-9628-5e3309e6dc16 30                     13.524642284187692  -0.0357754787400075    2.1283246977971078        6.0                  3.137329269785944      0.99999999             -1.0                       0.0                             0.0                               00000000-0000-0000-0000-000000000000 00000000-0000-0000-0000-000000000000 1                9990000.0           00000000-0000-0000-0000-000000000000 4.294792763990165e-05  4.035624375042795e-18    -1.0                         
5f12d30f-488a-4f9f-bbef-f46a7cbee379 30                     26.172991986013805  -0.14698939653319085   2.0196371321610607        6.0                  0.0                    0.01                   -1.0                       0.0                             0.0                               00000000-0000-0000-0000-000000000000 00000000-0000-0000-0000-000000000000 1                9990000.0           00000000-0000-0000-0000-000000000000 4.2947930356003236e-05 7.809771394105376e-18    -1.0                         
dd40ef16-e5ca-4e8a-85c3-5910c59e49be 33                     20.593313647948452  -0.13947866200392678   1.7105133115909832        6.0                  2.7870177137246444     0.99999999             -1.0                       0.0                             0.0                               00000000-0000-0000-0000-000000000000 00000000-0000-0000-0000-000000000000 1                9990000.0           00000000-0000-0000-0000-000000000000 4.294792915782535e-05  6.1448485493569346e-18   -1.0                         
d001b6ff-fd3d-4a4d-a6ad-e7a9dc022fc1 36                     35.406087406755006  0.09260776632153644    1.901461158387184         1.0384576542925865   2.9759032525594775     0.9999608415822264     -1.0                       0.0                             0.0                               00000000-0000-0000-0000-000000000000 00000000-0000-0000-0000-000000000000 1                9990000.0           00000000-0000-0000-0000-000000000000 0.0005964663505670913  6.104152078357143e-17    7.517593598102626e-17        
4ce91a41-4909-47c4-99e2-f8aac0d7bd50 37                     20.33730023409385   0.07528742521176403    1.5374753026576928        6.0                  2.8587850051981842     0.99999999             -1.0                       0.0                             0.0                               00000000-0000-0000-0000-000000000000 00000000-0000-0000-0000-000000000000 1                9990000.0           00000000-0000-0000-0000-000000000000 4.294792910284913e-05  6.06845658633271e-18     -1.0                         
eb9054c3-c631-4593-a988-48bace3b3d19 38                     27.832961291118227  0.20851796796081945    2.942724400062161         3.6949445263667617   3.1312330095106526     0.899952938915669      -1.0                       0.0                             0.0                               00000000-0000-0000-0000-000000000000 00000000-0000-0000-0000-000000000000 1                9990000.0           00000000-0000-0000-0000-000000000000 8.887042059470694e-05  1.3486140899064444e-17   7.052475325137205e-18        
9a7a3e23-3a19-46cd-b1b2-62de09d06d53 38                     13.14978171453978   0.035311194647782686   1.4584820705908803        1.5597899147560323   0.0                    0.09996422485359611    -1.0                       0.0                             0.0                               00000000-0000-0000-0000-000000000000 00000000-0000-0000-0000-000000000000 1                9990000.0           00000000-0000-0000-0000-000000000000 0.0003240185883058911  1.5093453994641205e-17   1.4051405330679883e-17       
4d71df79-cbb0-49ef-81f9-d41c0e022e02 39                     11.216971164612886  0.045221506706283825   0.2054577884404753        6.0                  2.9762298106720775     0.99999999             -1.0                       0.0                             0.0                               00000000-0000-0000-0000-000000000000 00000000-0000-0000-0000-000000000000 1                9990000.0           00000000-0000-0000-0000-000000000000 4.2947927144353255e-05 3.3470373038249097e-18   -1.0                         
b98347c9-81f4-4bdf-8c29-88d3dad921a4 39                     10.31528256794733   0.07758178549265307    0.07345925562029726       6.0                  3.002143974907998      0.99999999             -1.0                       0.0                             0.0                               00000000-0000-0000-0000-000000000000 00000000-0000-0000-0000-000000000000 1                9990000.0           00000000-0000-0000-0000-000000000000 4.2947926950725e-05    3.077982019186731e-18    -1.0                         
d96da2af-e49c-407b-8f48-f0737a0f26f7 39                     35.18516472018705   -0.06483231683943262   3.0983187114916815        6.0                  2.9425438293333426     0.99999999             -1.0                       0.0                             0.0                               00000000-0000-0000-0000-000000000000 00000000-0000-0000-0000-000000000000 1                9990000.0           00000000-0000-0000-0000-000000000000 4.2947932291273526e-05 1.0498917856829e-17      -1.0                         
b59ea6bf-aac1-4fba-96c3-1be3129c69fc 40                     13.49762945585013   0.029623840307013285   1.1797798180519126        6.0                  0.0                    0.01                   -1.0                       0.0                             0.0                               00000000-0000-0000-0000-000000000000 00000000-0000-0000-0000-000000000000 1                9990000.0           00000000-0000-0000-0000-000000000000 4.2947927634100936e-05 4.027564004484578e-18    -1.0                         
d9e47b1a-481b-4e35-b6f7-3c01b2dbd970 40                     10.224049868853204  0.1111183810558724     1.2724658345380857        6.0                  0.0                    0.01                   -1.0                       0.0                             0.0                               00000000-0000-0000-0000-000000000000 00000000-0000-0000-0000-000000000000 1                9990000.0           00000000-0000-0000-0000-000000000000 4.2947926931133724e-05 3.050759051175544e-18    -1.0                         
bfc61a51-7ef3-4499-8d90-ac1b53e47439 41                     12.081578780393178  0.005429220031839432   0.8591187125809657        6.0                  2.5699469850308896     0.99999999             -1.0                       0.0                             0.0                               00000000-0000-0000-0000-000000000000 00000000-0000-0000-0000-000000000000 1                9990000.0           00000000-0000-0000-0000-000000000000 4.294792733001876e-05  3.605027977128707e-18    -1.0                         
b00597ab-53b7-4e0d-b440-d9ee2337a365 42                     12.238328315325653  -0.014796120280042117  1.6362407637339509        6.0                  0.0                    0.01                   -1.0                       0.0                             0.0                               00000000-0000-0000-0000-000000000000 00000000-0000-0000-0000-000000000000 1                9990000.0           00000000-0000-0000-0000-000000000000 4.2947927363679095e-05 3.651800544613887e-18    -1.0                         
99fcb58b-ef17-4a0c-85eb-dba100237332 44                     11.606198837864254  0.4253183234839439     3.1                       4.447383570820468    3.1583568264781805     0.3127953865069868     -1.0                       0.0                             0.0                               00000000-0000-0000-0000-000000000000 00000000-0000-0000-0000-000000000000 1                9990000.0           00000000-0000-0000-0000-000000000000 6.729955662016761e-05  4.67220208544423e-18     2.33067966278504e-18         
3755550e-7532-45d2-ab5f-cb952c385eb9 45                     17.174650582923864  0.05667604833092467    0.9496946014670266        6.0                  0.0                    0.01                   -1.0                       0.0                             0.0                               00000000-0000-0000-0000-000000000000 00000000-0000-0000-0000-000000000000 1                9990000.0           00000000-0000-0000-0000-000000000000 4.2947928423703e-05    5.1247520687718786e-18   -1.0                         
3a4e8e03-740d-48b3-9a02-35c77260a67c 47                     12.065770205878742  -0.009988720930170806  2.6417803337527315        6.0                  2.948872777464655      0.99999999             -1.0                       0.0                             0.0                               00000000-0000-0000-0000-000000000000 00000000-0000-0000-0000-000000000000 1                9990000.0           00000000-0000-0000-0000-000000000000 4.2947927326624026e-05 3.600310849140801e-18    -1.0                         
203a5981-7996-407c-b826-69e7e3a6b52a 47                     13.481619680267144  -0.03630350639458327   2.720571962273908         6.0                  2.1623030767433016     0.99999999             -1.0                       0.0                             0.0                               00000000-0000-0000-0000-000000000000 00000000-0000-0000-0000-000000000000 1                9990000.0           00000000-0000-0000-0000-000000000000 4.294792763066299e-05  4.022786840015154e-18    -1.0                         
14f9cc79-977d-4fad-8d6c-4865d225d760 47                     14.096996653138973  -0.040457253186399596  2.0927141910396223        6.0                  3.0803255741075515     0.99999999             -1.0                       0.0                             0.0                               00000000-0000-0000-0000-000000000000 00000000-0000-0000-0000-000000000000 1                9990000.0           00000000-0000-0000-0000-000000000000 4.2947927762808805e-05 4.2064094645088985e-18   -1.0                         
d80d34c9-6350-4428-b0b1-18e45622ddcc 48                     12.473210609726323  0.04220618919940472    1.4482890800504704        6.0                  0.0                    0.01                   -1.0                       0.0                             0.0                               00000000-0000-0000-0000-000000000000 00000000-0000-0000-0000-000000000000 1                9990000.0           00000000-0000-0000-0000-000000000000 4.294792741411762e-05  3.721887182961253e-18    -1.0                         
6ab3273e-aea9-470b-a55e-b3ee48007df9 48                     11.78199577234652   0.04831589131702699    0.4863985071232455        6.0                  0.0                    0.01                   -1.0                       0.0                             0.0                               00000000-0000-0000-0000-000000000000 00000000-0000-0000-0000-000000000000 1                9990000.0           00000000-0000-0000-0000-000000000000 4.294792726568642e-05  3.515635262392345e-18    -1.0                         
36b96f10-08db-44f2-882c-6b4bd52c3cad 49                     33.51077555392159   -0.1399568091710209    2.807830528033316         6.0                  3.1222545258191383     0.99999999             -1.0                       0.0                             0.0                               00000000-0000-0000-0000-000000000000 00000000-0000-0000-0000-000000000000 1                9990000.0           00000000-0000-0000-0000-000000000000 4.294793193171588e-05  9.999296085642585e-18    -1.0                         
1a879ce0-d6a2-49c6-bd28-81c09b0b2ae0 50                     37.63305472343385   0.13625633119114222    1.3115980046564397        6.0                  3.1313542668277794     0.01                   -1.0                       1.5707963267948966              0.0                               00000000-0000-0000-0000-000000000000 00000000-0000-0000-0000-000000000000 1                9990000.0           00000000-0000-0000-0000-000000000000 4.294793281693241e-05  1.1229344906724147e-17   -1.0                         
a340f77c-ceaa-4473-b40e-6912eae99ddc 51                     11.944087584729612  -0.1281884973420326    1.5720774240288           6.0                  0.0                    0.01                   -1.0                       0.0                             0.0                               00000000-0000-0000-0000-000000000000 00000000-0000-0000-0000-000000000000 1                9990000.0           00000000-0000-0000-0000-000000000000 4.294792730049395e-05  3.5640019145597606e-18   -1.0                         
acff1d7a-1bdf-4d26-bd56-07fa4f9ce898 52                     19.23167308923215   0.0326949056358626     1.0324405729455488        6.0                  2.869617427355255      0.99999999             -1.0                       0.0                             0.0                               00000000-0000-0000-0000-000000000000 00000000-0000-0000-0000-000000000000 1                9990000.0           00000000-0000-0000-0000-000000000000 4.29479288654272e-05   5.7385479823373616e-18   -1.0                         
5090f7ff-11ac-4bc6-afa0-0d848261a178 52                     12.966624459043032  -0.13599057057333105   1.642488567188124         6.0                  0.0                    0.01                   -1.0                       0.0                             0.0                               00000000-0000-0000-0000-000000000000 00000000-0000-0000-0000-000000000000 1                9990000.0           00000000-0000-0000-0000-000000000000 4.2947927520073123e-05 3.869117173629046e-18    -1.0                         
c769bd9c-22e3-44ed-ad56-32efc289492e 52                     19.90127731118839   0.0989884363400837     0.4587973398146677        6.0                  0.0                    0.01                   -1.0                       0.0                             0.0                               00000000-0000-0000-0000-000000000000 00000000-0000-0000-0000-000000000000 1                9990000.0           00000000-0000-0000-0000-000000000000 4.2947929009217746e-05 5.9383515012014095e-18   -1.0                         
0a58705c-7bf4-401a-9e54-ef2c34f0aeb5 53                     13.386503246679663  0.08736454897689835    1.4029382901472343        6.0                  0.0                    0.01                   -1.0                       0.0                             0.0                               00000000-0000-0000-0000-000000000000 00000000-0000-0000-0000-000000000000 1                9990000.0           00000000-0000-0000-0000-000000000000 4.2947927610237734e-05 3.9944050026410485e-18   -1.0                         
e9675c48-484a-4580-9faa-10805748e793 54                     13.86809053048873   -0.016226548623613446  2.315959227818689         6.0                  2.5315499133906614     0.99999999             -1.0                       0.0                             0.0                               00000000-0000-0000-0000-000000000000 00000000-0000-0000-0000-000000000000 1                9990000.0           00000000-0000-0000-0000-000000000000 4.29479277136536e-05   4.1381060588621635e-18   -1.0                         
9b184a82-7bbd-4439-bd15-b72cd8869036 54                     37.4701743297057    0.038387638856485606   0.015778213065164116      6.0                  3.141273360142374      0.01                   -1.0                       1.5707963267948966              0.0                               00000000-0000-0000-0000-000000000000 00000000-0000-0000-0000-000000000000 1                9990000.0           00000000-0000-0000-0000-000000000000 4.294793278195554e-05  1.1180742949398117e-17   -1.0                         
d3ca7f5e-998d-47da-9fa2-3237b69e5444 55                     29.06626236826928   -0.11549499130254033   1.663271588396042         6.0                  0.0                    0.01                   -1.0                       0.0                             0.0                               00000000-0000-0000-0000-000000000000 00000000-0000-0000-0000-000000000000 1                9990000.0           00000000-0000-0000-0000-000000000000 4.2947930977302947e-05 8.673095704861512e-18    -1.0                         
87004166-b9e3-49d7-aed0-e56220cd5e31 55                     21.263765294372064  0.08361771633198761    0.7320480985913139        6.0                  0.0                    0.01                   -1.0                       0.0                             0.0                               00000000-0000-0000-0000-000000000000 00000000-0000-0000-0000-000000000000 1                9990000.0           00000000-0000-0000-0000-000000000000 4.294792930179787e-05  6.34490493160655e-18     -1.0                         
c41c00cc-42d7-4cac-b0d6-45005e418619 57                     23.589478077939738  0.029699844288523927   1.1547981736610622        6.0                  0.5336884240263662     0.99999999             -1.0                       0.0                             0.0                               00000000-0000-0000-0000-000000000000 00000000-0000-0000-0000-000000000000 1                9990000.0           00000000-0000-0000-0000-000000000000 4.29479298012205e-05   7.038875463432565e-18    -1.0                         
dadf66c2-cdb8-4775-875c-6af65435ed20 57                     29.89375305032827   0.18671713244795485    0.5863008403425983        6.0                  0.0                    0.01                   -1.0                       0.0                             0.0                               00000000-0000-0000-0000-000000000000 00000000-0000-0000-0000-000000000000 1                9990000.0           00000000-0000-0000-0000-000000000000 4.294793115499796e-05  8.920011038847267e-18    -1.0                         
61d4a18a-cf25-47e3-b221-4349711ae82e 59                     11.156019797664026  0.10647758262888139    1.2450085597749951        6.0                  3.091348960869747      0.99999999             -1.0                       0.0                             0.0                               00000000-0000-0000-0000-000000000000 00000000-0000-0000-0000-000000000000 1                9990000.0           00000000-0000-0000-0000-000000000000 4.2947927131264584e-05 3.3288499967610764e-18   -1.0                         
d4ecc09f-0d0b-4f32-b9c4-83e1427fced4 59                     37.93949027272621   0.16546149464216567    0.24997083344101423       6.0                  1.9536744251502205     0.99999999             -1.0                       0.0                             0.0                               00000000-0000-0000-0000-000000000000 00000000-0000-0000-0000-000000000000 1                9990000.0           00000000-0000-0000-0000-000000000000 4.294793288273624e-05  1.1320782354467192e-17   -1.0                         
11c7e609-2762-49cf-b414-e39db88cbda8 59                     20.772415274452158  0.16590574464270624    0.041237142835096316      6.0                  2.005761227731113      0.99999999             -1.0                       0.0                             0.0                               00000000-0000-0000-0000-000000000000 00000000-0000-0000-0000-000000000000 1                9990000.0           00000000-0000-0000-0000-000000000000 4.294792919628557e-05  6.198290767963579e-18    -1.0                         
8ef212c4-2d7d-4b03-99a1-c348995c1858 62                     32.3646827215534    -0.007507206861310173  1.9153975438196142        6.0                  0.0                    0.01                   -1.0                       0.0                             0.0                               00000000-0000-0000-0000-000000000000 00000000-0000-0000-0000-000000000000 1                9990000.0           00000000-0000-0000-0000-000000000000 4.294793168560438e-05  9.657312906111513e-18    -1.0                         
36a25613-744f-410e-91f9-2ba45bde2117 62                     10.28600056853037   0.2581319928492542     0.6536222374636774        6.0                  0.0                    0.01                   -1.0                       0.0                             0.0                               00000000-0000-0000-0000-000000000000 00000000-0000-0000-0000-000000000000 1                9990000.0           00000000-0000-0000-0000-000000000000 4.294792694443699e-05  3.0692445496023993e-18   -1.0                         
b2066f45-169c-4d57-9336-5f0b83e95dad 63                     32.16385341539766   0.014359083637859218   0.12298384364937184       6.0                  3.0688155050786268     0.99999999             -1.0                       0.0                             0.0                               00000000-0000-0000-0000-000000000000 00000000-0000-0000-0000-000000000000 1                9990000.0           00000000-0000-0000-0000-000000000000 4.294793164247839e-05  9.597387354949797e-18    -1.0                         
4e01c631-2057-4894-bf50-48a50c92c8a3 63                     28.090993600098713  0.0713441161581545     1.9304397465163101        1.0                  2.6998145176602946     0.9999948412693012     -1.0                       0.0                             0.0                               00000000-0000-0000-0000-000000000000 00000000-0000-0000-0000-000000000000 1                9990000.0           00000000-0000-0000-0000-000000000000 0.0006312030953380185  5.029250878935392e-17    6.482702347457224e-17        
82a601f6-110c-4813-ae7b-f8de70521f6e 64                     20.362355416897564  0.0965740295012635     1.5114996119653026        6.0                  2.6732328790796704     0.99999999             -1.0                       0.0                             0.0                               00000000-0000-0000-0000-000000000000 00000000-0000-0000-0000-000000000000 1                9990000.0           00000000-0000-0000-0000-000000000000 4.2947929108229474e-05 6.0759328141189394e-18   -1.0                         
cb0fac6e-e48c-4817-a85c-4b27710f120e 64                     18.898201193856533  -0.15169140143523074   1.8566378158210886        6.0                  0.0                    0.01                   -1.0                       0.0                             0.0                               00000000-0000-0000-0000-000000000000 00000000-0000-0000-0000-000000000000 1                9990000.0           00000000-0000-0000-0000-000000000000 4.294792879381758e-05  5.639043146564888e-18    -1.0                         
3ab8b83f-ed8a-4765-ad53-f8399d5a9fe2 64                     18.04922451644009   0.008211263472518953   1.1635652486767416        6.0                  0.0                    0.01                   -1.0                       0.0                             0.0                               00000000-0000-0000-0000-000000000000 00000000-0000-0000-0000-000000000000 1                9990000.0           00000000-0000-0000-0000-000000000000 4.2947928611508666e-05 5.3857165963144386e-18   -1.0                         
a2734771-b0c2-4980-aae6-dfab4d894955 65                     10.50996940033562   0.08664412452624726    1.15997974819626          6.0                  3.135338493150281      0.99999999             -1.0                       0.0                             0.0                               00000000-0000-0000-0000-000000000000 00000000-0000-0000-0000-000000000000 1                9990000.0           00000000-0000-0000-0000-000000000000 4.294792699253197e-05  3.1360747147107124e-18   -1.0                         
5c99676a-7314-4cde-b683-6b24728e301c 69                     22.24389970599858   0.035199337860345035   0.015348361435266624      6.0                  0.0                    0.01                   -1.0                       0.0                             0.0                               00000000-0000-0000-0000-000000000000 00000000-0000-0000-0000-000000000000 1                9990000.0           00000000-0000-0000-0000-000000000000 4.294792951227154e-05  6.6373676998827004e-18   -1.0                         
2d4ad076-055f-4544-b4f5-cac08eed8aff 70                     36.59641022737521   0.08384338465487526    1.4620067148230793        6.0                  3.0953384141304316     0.99999999             -1.0                       0.0                             0.0                               00000000-0000-0000-0000-000000000000 00000000-0000-0000-0000-000000000000 1                9990000.0           00000000-0000-0000-0000-000000000000 4.2947932594323795e-05 1.0920020067764124e-17   -1.0                         
02016878-6dac-4943-911d-cf07964baa79 71                     13.677922397135712  0.058333596846247615   1.1347321718128038        6.0                  3.138128371237103      0.99999999             -1.0                       0.0                             0.0                               00000000-0000-0000-0000-000000000000 00000000-0000-0000-0000-000000000000 1                9990000.0           00000000-0000-0000-0000-000000000000 4.294792767281696e-05  4.081361700069539e-18    -1.0                         
427d3981-cf6f-46ae-a283-973b999cf95b 73                     13.722748059047621  -0.08957293200909387   2.8776288215653665        6.0                  0.0                    0.99999999             -1.0                       0.0                             0.0                               00000000-0000-0000-0000-000000000000 00000000-0000-0000-0000-000000000000 1                9990000.0           00000000-0000-0000-0000-000000000000 4.2947927682442814e-05 4.094737250419632e-18    -1.0                         
2fbf889d-a115-422f-a4fe-a60fb619a114 73                     23.60686800611795   0.016019172288625476   0.10723502940004102       6.0                  0.0                    0.01                   -1.0                       0.0                             0.0                               00000000-0000-0000-0000-000000000000 00000000-0000-0000-0000-000000000000 1                9990000.0           00000000-0000-0000-0000-000000000000 4.294792980495481e-05  7.044064452284288e-18    -1.0                         
d053c920-40a1-4069-80bd-3f897f4dc2fa 73                     11.967783178320966  -0.05494586375607868   2.9613707602023904        6.0                  0.0                    0.01                   -1.0                       0.0                             0.0                               00000000-0000-0000-0000-000000000000 00000000-0000-0000-0000-000000000000 1                9990000.0           00000000-0000-0000-0000-000000000000 4.294792730558233e-05  3.5710724538811744e-18   -1.0                         
7a2590b2-a1ed-4c82-b53a-84050f903908 74                     11.964624445034639  -0.1479223114522538    1.5966298132562997        6.0                  0.0                    0.01                   -1.0                       0.0                             0.0                               00000000-0000-0000-0000-000000000000 00000000-0000-0000-0000-000000000000 1                9990000.0           00000000-0000-0000-0000-000000000000 4.2947927304904034e-05 3.570129917969562e-18    -1.0                         
867f8e00-5cd7-4b41-8bd6-af05616445dd 74                     16.31598719941436   0.10595784362794758    1.3247330271322848        6.0                  3.141197160878963      0.01                   -1.0                       1.5707963267948966              0.0                               00000000-0000-0000-0000-000000000000 00000000-0000-0000-0000-000000000000 1                9990000.0           00000000-0000-0000-0000-000000000000 4.2947928239313966e-05 4.868535097732353e-18    -1.0                         
bda9c9b4-8033-49b8-b4b6-2db0022ae244 75                     13.400945245283848  0.24817485170521408    1.235207605989307         6.0                  0.0                    0.01                   -1.0                       0.0                             0.0                               00000000-0000-0000-0000-000000000000 00000000-0000-0000-0000-000000000000 1                9990000.0           00000000-0000-0000-0000-000000000000 4.2947927613339006e-05 3.998714357400067e-18    -1.0                         
2e846dae-5c84-468b-9c29-7af454e9adc1 75                     19.560479626370725  -0.022980999100774446  2.6822125970066857        6.0                  0.0                    0.01                   -1.0                       0.0                             0.0                               00000000-0000-0000-0000-000000000000 00000000-0000-0000-0000-000000000000 1                9990000.0           00000000-0000-0000-0000-000000000000 4.294792893603499e-05  5.836660719670257e-18    -1.0                         
125ab6bd-b669-4eb4-aa42-a87b92b0db98 75                     17.03088987703903   -0.0032409615127323155 2.9183764428511036        6.0                  3.141204374165671      0.01                   -1.0                       1.5707963267948966              0.0                               00000000-0000-0000-0000-000000000000 00000000-0000-0000-0000-000000000000 1                9990000.0           00000000-0000-0000-0000-000000000000 4.294792839283189e-05  5.0818552440979636e-18   -1.0                         
9a28f56a-65bb-4093-a0d8-2c5ca2e01e4a 76                     14.186449527372602  -0.059159474923530644  2.449618335090804         6.0                  3.1284246668875766     0.99999999             -1.0                       0.0                             0.0                               00000000-0000-0000-0000-000000000000 00000000-0000-0000-0000-000000000000 1                9990000.0           00000000-0000-0000-0000-000000000000 4.294792778201788e-05  4.233101349742487e-18    -1.0                         
65721ad6-d654-4694-bd0c-f306c487949f 77                     11.337611527245928  0.05948174792724442    0.402073541906094         6.0                  0.0                    0.01                   -1.0                       0.0                             0.0                               00000000-0000-0000-0000-000000000000 00000000-0000-0000-0000-000000000000 1                9990000.0           00000000-0000-0000-0000-000000000000 4.2947927170259514e-05 3.383035238396909e-18    -1.0                         
a397909b-b9fd-446d-8ba8-f301795e1abc 79                     12.879758248856142  -0.02557672945605992   2.8772474656508624        6.0                  0.0                    0.01                   -1.0                       0.0                             0.0                               00000000-0000-0000-0000-000000000000 00000000-0000-0000-0000-000000000000 1                9990000.0           00000000-0000-0000-0000-000000000000 4.294792750141951e-05  3.843197124297491e-18    -1.0                         
5efc3ca4-137d-42ef-b1a6-b621c8caf155 79                     11.90349728652791   -0.024957243712082473  2.715518088980399         6.0                  0.0                    0.01                   -1.0                       0.0                             0.0                               00000000-0000-0000-0000-000000000000 00000000-0000-0000-0000-000000000000 1                9990000.0           00000000-0000-0000-0000-000000000000 4.294792729177761e-05  3.551890156380061e-18    -1.0                         
9c95a124-9811-4707-8ed5-5e77aa9e912b 80                     21.26808231708238   0.05203644068792647    0.6221307334645253        6.0                  0.0                    0.99999999             -1.0                       0.0                             0.0                               00000000-0000-0000-0000-000000000000 00000000-0000-0000-0000-000000000000 1                9990000.0           00000000-0000-0000-0000-000000000000 4.29479293027249e-05   6.346193090044403e-18    -1.0                         
79f0e3cd-30b6-4668-82ef-8433654999d2 80                     21.255385623046816  0.103086498588827      0.555741749735878         6.0                  0.0                    0.01                   -1.0                       0.0                             0.0                               00000000-0000-0000-0000-000000000000 00000000-0000-0000-0000-000000000000 1                9990000.0           00000000-0000-0000-0000-000000000000 4.294792929999842e-05  6.342404517536849e-18    -1.0                         
4b6ed607-cd03-431a-aa11-6e7cbc941827 81                     22.958416750418216  0.009171339387629833   0.40046780658159353       6.0                  0.0                    0.01                   -1.0                       0.0                             0.0                               00000000-0000-0000-0000-000000000000 00000000-0000-0000-0000-000000000000 1                9990000.0           00000000-0000-0000-0000-000000000000 4.294792966570665e-05  6.850572776974804e-18    -1.0                         
b5e1ff97-6210-449b-91f9-37f9be27451d 82                     22.64212615913573   -0.06312753962116471   1.9886084232420211        6.0                  2.7225399870698146     0.99999999             -1.0                       0.0                             0.0                               00000000-0000-0000-0000-000000000000 00000000-0000-0000-0000-000000000000 1                9990000.0           00000000-0000-0000-0000-000000000000 4.294792959778653e-05  6.756194678615147e-18    -1.0                         
1a535487-1ada-4f07-b6e2-adf8a9569780 82                     38.712040529688295  0.05652288993750853    0.42228652325454535       6.0                  0.0                    0.01                   -1.0                       0.0                             0.0                               00000000-0000-0000-0000-000000000000 00000000-0000-0000-0000-000000000000 1                9990000.0           00000000-0000-0000-0000-000000000000 4.2947933048633365e-05 1.1551303989156702e-17   -1.0                         
14994757-fa2e-4c92-8ec0-dc89f92a97b3 83                     36.0638745349979    -0.016371715921292638  2.0974463164474737        6.0                  2.893033609633287      0.99999999             -1.0                       0.0                             0.0                               00000000-0000-0000-0000-000000000000 00000000-0000-0000-0000-000000000000 1                9990000.0           00000000-0000-0000-0000-000000000000 4.2947932479967306e-05 1.0761116491937149e-17   -1.0                         
7c3ed2ed-b07f-4636-983a-9e5e98f24bf0 83                     15.333722526861342  -0.14556402296719      1.676023095371093         6.0                  0.0                    0.01                   -1.0                       0.0                             0.0                               00000000-0000-0000-0000-000000000000 00000000-0000-0000-0000-000000000000 1                9990000.0           00000000-0000-0000-0000-000000000000 4.294792802838284e-05  4.575436679895975e-18    -1.0                         
66d93fc6-4834-4b15-8f6b-259180ca1670 84                     38.59409850132232   0.07988041562136897    1.3477164205008416        6.0                  2.3468385878854416     0.99999999             -1.0                       0.0                             0.0                               00000000-0000-0000-0000-000000000000 00000000-0000-0000-0000-000000000000 1                9990000.0           00000000-0000-0000-0000-000000000000 4.2947933023306545e-05 1.1516111211816323e-17   -1.0                         
42343d6b-4c53-48de-93d2-34242797cfa8 86                     10.357341519125708  -0.012642705553006759  2.1572731865167447        6.0                  0.0                    0.01                   -1.0                       0.0                             0.0                               00000000-0000-0000-0000-000000000000 00000000-0000-0000-0000-000000000000 1                9990000.0           00000000-0000-0000-0000-000000000000 4.294792695975672e-05  3.0905320094192026e-18   -1.0                         
ee25294d-7932-4a21-982a-9906420532c9 87                     38.6993312683232    0.1546677700988743     0.3898667487907018        1.2640581670936792   3.1414831816936917     0.01                   -1.0                       1.5707963267948966              0.0                               00000000-0000-0000-0000-000000000000 00000000-0000-0000-0000-000000000000 1                9990000.0           00000000-0000-0000-0000-000000000000 0.0004441386360504357  5.4811615322550195e-17   5.851577380656787e-17        
eeac1a54-6464-4be3-af8c-d8cf3efb8040 88                     30.55252094884537   0.05300536496358689    0.0770923451190913        6.0                  2.786262350975502      0.99999999             -1.0                       0.0                             0.0                               00000000-0000-0000-0000-000000000000 00000000-0000-0000-0000-000000000000 1                9990000.0           00000000-0000-0000-0000-000000000000 4.2947931296461505e-05 9.116581102061398e-18    -1.0                         
480b7b11-61f2-46ec-b36c-ec430e6d77ac 88                     22.190786465364354  -0.035987706726869226  2.9352343289504024        6.0                  3.0167778551510027     0.99999999             -1.0                       0.0                             0.0                               00000000-0000-0000-0000-000000000000 00000000-0000-0000-0000-000000000000 1                9990000.0           00000000-0000-0000-0000-000000000000 4.294792950086602e-05  6.62151921501803e-18     -1.0                         
4bca33e3-e5e7-4ea3-806a-c5674d2d26ad 89                     10.647592371675014  0.11909272000508793    0.26628903835194245       6.0                  3.126209822603966      0.99999999             -1.0                       0.0                             0.0                               00000000-0000-0000-0000-000000000000 00000000-0000-0000-0000-000000000000 1                9990000.0           00000000-0000-0000-0000-000000000000 4.294792702208508e-05  3.177140097885572e-18    -1.0                         
187d79b8-0ad1-455e-a4ba-fde3feb95640 89                     11.879376003154825  -0.18959475362311085   2.4354569540003883        6.0                  0.0                    0.01                   -1.0                       0.0                             0.0                               00000000-0000-0000-0000-000000000000 00000000-0000-0000-0000-000000000000 1                9990000.0           00000000-0000-0000-0000-000000000000 4.294792728659781e-05  3.5446925952843755e-18   -1.0                         
80c9403c-cfaf-4dc3-b3a5-3558efad47a6 89                     13.040506302081818  0.028373750842572744   0.3332550334276984        6.0                  0.0                    0.01                   -1.0                       0.0                             0.0                               00000000-0000-0000-0000-000000000000 00000000-0000-0000-0000-000000000000 1                9990000.0           00000000-0000-0000-0000-000000000000 4.294792753593848e-05  3.891162811537636e-18    -1.0                         
52baa47e-e1d2-40de-805c-4b8c0c7476cd 90                     11.311979365818296  0.07179643427095232    1.265288517483125         6.0                  0.0                    0.01                   -1.0                       0.0                             0.0                               00000000-0000-0000-0000-000000000000 00000000-0000-0000-0000-000000000000 1                9990000.0           00000000-0000-0000-0000-000000000000 4.2947927164755284e-05 3.3753868456876026e-18   -1.0                         
ce00df7e-f9fd-461e-83b3-965c915d6fb6 91                     10.523251683071353  -0.05244797456403042   1.5919690752689948        6.0                  0.0                    0.01                   -1.0                       0.0                             0.0                               00000000-0000-0000-0000-000000000000 00000000-0000-0000-0000-000000000000 1                9990000.0           00000000-0000-0000-0000-000000000000 4.29479269953842e-05   3.140038021306051e-18    -1.0                         
8f6d2406-bd17-4d8b-b97f-bf9f0aba5265 91                     18.591921256020317  0.016105530105405882   0.3355355512761276        6.0                  3.1383157220858178     0.01                   -1.0                       1.5707963267948966              0.0                               00000000-0000-0000-0000-000000000000 00000000-0000-0000-0000-000000000000 1                9990000.0           00000000-0000-0000-0000-000000000000 4.2947928728047145e-05 5.547652131797456e-18    -1.0                         
27aad24a-f345-49d1-9b56-3dca4df62403 92                     30.506680664678647  -0.06816360444809906   1.9499173124154143        6.0                  3.111766595858222      0.99999999             -1.0                       0.0                             0.0                               00000000-0000-0000-0000-000000000000 00000000-0000-0000-0000-000000000000 1                9990000.0           00000000-0000-0000-0000-000000000000 4.294793128661778e-05  9.102902798099275e-18    -1.0                         
1aa0888f-d07f-4deb-9767-37583e88e7cc 92                     16.225994146360023  -0.13363163589673635   2.7487271060837504        6.0                  3.1222778359119436     0.99999999             -1.0                       0.0                             0.0                               00000000-0000-0000-0000-000000000000 00000000-0000-0000-0000-000000000000 1                9990000.0           00000000-0000-0000-0000-000000000000 4.294792821998889e-05  4.841682028286279e-18    -1.0                         
18fe8e33-53df-4049-8a97-e8b69c1f34c5 93                     33.87685764053789   -0.06969436094518675   2.085015527596393         6.0                  0.0                    0.01                   -1.0                       0.0                             0.0                               00000000-0000-0000-0000-000000000000 00000000-0000-0000-0000-000000000000 1                9990000.0           00000000-0000-0000-0000-000000000000 4.29479320103282e-05   1.0108531491723723e-17   -1.0                         
0b32c28c-84cf-430b-8c75-53c675d71b4b 93                     12.589898627116858  0.06735906250068835    0.6693689612227316        6.0                  0.0                    0.01                   -1.0                       0.0                             0.0                               00000000-0000-0000-0000-000000000000 00000000-0000-0000-0000-000000000000 1                9990000.0           00000000-0000-0000-0000-000000000000 4.294792743917516e-05  3.756705775376611e-18    -1.0                         
f0016fca-4140-49ad-b863-c12ea3a44116 94                     20.919706863813687  0.11504014402290037    0.7708950705757829        6.0                  0.0                    0.01                   -1.0                       0.0                             0.0                               00000000-0000-0000-0000-000000000000 00000000-0000-0000-0000-000000000000 1                9990000.0           00000000-0000-0000-0000-000000000000 4.29479292279149e-05   6.242241174619519e-18    -1.0                         
f3504bda-7ad8-49a1-9a62-3f63eeb48e32 94                     19.770108922446113  0.021940606949590095   2.0244897969166895        1.0                  3.1307249648837963     0.9992992758977863     -1.0                       0.0                             0.0                               00000000-0000-0000-0000-000000000000 00000000-0000-0000-0000-000000000000 1                9990000.0           00000000-0000-0000-0000-000000000000 0.0006312030690771844  3.5395272623788984e-17   4.5032580721460247e-17       
db4763c8-d051-42ad-871c-402531ce5cab 95                     12.750019711112579  -0.04587020446734836   1.6928516477734072        6.0                  0.0                    0.01                   -1.0                       0.0                             0.0                               00000000-0000-0000-0000-000000000000 00000000-0000-0000-0000-000000000000 1                9990000.0           00000000-0000-0000-0000-000000000000 4.29479274735595e-05   3.8044843809732176e-18   -1.0                         
3888c2a1-201e-4ede-9dac-18b0b105ec2b 96                     32.9714417812225    0.12294216279563089    1.101672261023031         6.0                  2.512364673917496      0.99999999             -1.0                       0.0                             0.0                               00000000-0000-0000-0000-000000000000 00000000-0000-0000-0000-000000000000 1                9990000.0           00000000-0000-0000-0000-000000000000 4.294793181589958e-05  9.838364027429637e-18    -1.0                         
a18758a5-c991-49f7-9805-85314e111050 98                     12.106582307334204  0.01350160793433701    1.0107122973989384        6.0                  3.1091862030584183     0.99999999             -1.0                       0.0                             0.0                               00000000-0000-0000-0000-000000000000 00000000-0000-0000-0000-000000000000 1                9990000.0           00000000-0000-0000-0000-000000000000 4.2947927335388004e-05 3.6124887912977585e-18   -1.0                         
7783d87b-22d5-4788-8568-0d6180484369 98                     10.825380948095507  0.025038517703328284   1.0552479571188096        6.0                  0.0                    0.01                   -1.0                       0.0                             0.0                               00000000-0000-0000-0000-000000000000 00000000-0000-0000-0000-000000000000 1                9990000.0           00000000-0000-0000-0000-000000000000 4.294792706026332e-05  3.23019051486004e-18     -1.0                         
