unique_id::uuid.UUID                 galaxy_id::numpy.int64 mass::numpy.float64 spin::numpy.float64 spin_angle::numpy.float64 orb_a::numpy.float64 orb_inc::numpy.float64 orb_ecc::numpy.float64 orb_ang_mom::numpy.float64 orb_arg_periapse::numpy.float64 migration_velocity::numpy.float64 parent_unique_id::uuid.UUID          parent_unique_id_2::uuid.UUID        gen::numpy.int64 time::numpy.float64 progenitor_unique_id::uuid.UUID      gw_freq::numpy.float64 gw_strain::numpy.float64 gw_char_strain::numpy.float64 
055f24ce-6284-4298-a950-ddaeff369186 0                      13.000146707765635  0.17972866495220827 3.05812                   50080.98252942417    0.0                    0.15760964175110792    0.0                        0.0                             0.0                               00000000-0000-0000-0000-000000000000 00000000-0000-0000-0000-000000000000 1                990000.0            52fc61ae-7af3-4561-adcc-3dd9f3e2f524 -1.0                   -1.0                     -1.0                         
cd6cfeea-1eed-409b-848a-d17626100425 1                      34.054711543868095  0.03919361573305372 1.3422080571219097        50201.403604499654   0.0                    0.19661072876181737    0.0                        0.0                             0.0                               00000000-0000-0000-0000-000000000000 00000000-0000-0000-0000-000000000000 1                990000.0            736b26ea-4e17-40cb-b5ac-065510498052 -1.0                   -1.0                     -1.0                         
3f10a157-66a9-4646-bf5b-82b6683c54cf 9                      23.30777500733168   0.07164585673608471 1.0664999325676334        50087.514655578496   0.0                    0.44074275481407177    0.0                        0.0                             0.0                               00000000-0000-0000-0000-000000000000 00000000-0000-0000-0000-000000000000 1                990000.0            3d828893-604e-4613-a856-05ed4f00844b -1.0                   -1.0                     -1.0                         
34c99e9d-b11e-4c53-b5da-6d7dcb712d47 16                     34.87791395575807   0.13782203386214498 1.1520296563724872        50180.89761495191    0.0                    0.6966513168662032     0.0                        0.0                             0.0                               00000000-0000-0000-0000-000000000000 00000000-0000-0000-0000-000000000000 1                990000.0            3d6e0283-4624-4746-9d1c-beb39c3c3d0a -1.0                   -1.0                     -1.0                         
27ebde8d-af93-47f4-9bd3-a6e77c1d4aca 17                     33.67351855444338   0.17773468599690048 2.7251105378529084        50077.624352982006   0.0                    0.604201015135018      0.0                        0.0                             0.0                               00000000-0000-0000-0000-000000000000 00000000-0000-0000-0000-000000000000 1                990000.0            17b13496-b115-425a-a719-00983208df6d -1.0                   -1.0                     -1.0                         
3aca5cb7-a9fc-4095-acc8-35d11f0d7df4 21                     13.751938084546172  0.04016869319145424 1.0288070844321904        50138.197717318144   0.0                    0.2543273538239676     0.0                        0.0                             0.0                               00000000-0000-0000-0000-000000000000 00000000-0000-0000-0000-000000000000 1                990000.0            3cab9d87-cb31-4b81-a7de-5b5853c79424 -1.0                   -1.0                     -1.0                         
998a78cc-4575-49e7-88fd-a2cc42c85bcb 28                     33.22447478170866   0.08959781576934416 2.7043583045451154        50136.82245077307    0.0                    0.2889597646449532     0.0                        0.0                             0.0                               00000000-0000-0000-0000-000000000000 00000000-0000-0000-0000-000000000000 1                990000.0            0cdce83c-fd89-4c4d-af25-d7d513d598ce -1.0                   -1.0                     -1.0                         
22f09929-884d-499c-baed-124fce9ddb3c 33                     36.682042190632586  0.04929449438062616 2.129891268043144         50192.23962702056    0.0                    0.8053317089653413     0.0                        0.0                             0.0                               00000000-0000-0000-0000-000000000000 00000000-0000-0000-0000-000000000000 1                990000.0            9c6023c9-102c-4f71-9581-12601ab7479b -1.0                   -1.0                     -1.0                         
787171f1-6881-4de1-85fb-45e9532687a9 43                     31.88195815027674   0.2254829346779689  2.437631501382494         50208.61210579515    0.0                    0.8260706975696126     0.0                        0.0                             0.0                               00000000-0000-0000-0000-000000000000 00000000-0000-0000-0000-000000000000 1                990000.0            1b8a9f45-9659-467b-8fb1-696ce283dc39 -1.0                   -1.0                     -1.0                         
7aff556c-e80e-4db4-9bca-d5f47b91867f 49                     27.638833182947184  0.12810732210828307 3.07906                   50164.30854571286    0.0                    0.5281396959923438     0.0                        0.0                             0.0                               00000000-0000-0000-0000-000000000000 00000000-0000-0000-0000-000000000000 1                990000.0            bddb9aad-265d-4c1d-9957-925262476297 -1.0                   -1.0                     -1.0                         
3931e984-1ec5-458e-8beb-4c6d46b330f5 52                     16.8251444484802    0.23729377816345595 2.758877656489759         50065.78611866707    0.0                    0.4065379140730701     0.0                        0.0                             0.0                               00000000-0000-0000-0000-000000000000 00000000-0000-0000-0000-000000000000 1                990000.0            8834c777-8465-4b66-94b0-8501e9d10ce8 -1.0                   -1.0                     -1.0                         
6fe7bb5a-ec3a-4306-a9a0-8d0575a77d4b 53                     37.30336221923744   0.09719646882660535 1.8637141201118284        50253.221565907      0.0                    0.7192451323090528     0.0                        0.0                             0.0                               00000000-0000-0000-0000-000000000000 00000000-0000-0000-0000-000000000000 1                990000.0            0af208fc-4f96-4e6b-a024-2b1b8f5bc9df -1.0                   -1.0                     -1.0                         
c6830b6f-48ac-402e-97be-5243c50ac8bb 54                     38.989991201025646  0.04811364208681146 2.101822992934557         50172.699795378874   0.0                    0.549910773001385      0.0                        0.0                             0.0                               00000000-0000-0000-0000-000000000000 00000000-0000-0000-0000-000000000000 1                990000.0            90ff7248-6e0a-4fa6-ba16-c81ef86e189d -1.0                   -1.0                     -1.0                         
7cc045ee-05ce-451b-886a-1c512cdb3bde 65                     37.30767765297948   0.03337760354409184 1.0189947039302756        50133.73950561468    0.0                    0.7508724482309787     0.0                        0.0                             0.0                               00000000-0000-0000-0000-000000000000 00000000-0000-0000-0000-000000000000 1                990000.0            aeee6725-9203-4b57-8ab5-715ebb605c37 -1.0                   -1.0                     -1.0                         
7e55509e-c2cb-40a1-9604-711a88fc5755 75                     35.44294157562295   0.17112911725275545 3.03718                   50240.311610838246   0.0                    0.7610102869173938     0.0                        0.0                             0.0                               00000000-0000-0000-0000-000000000000 00000000-0000-0000-0000-000000000000 1                990000.0            ff217573-c2f3-48c3-9b98-814ead6a1ca4 -1.0                   -1.0                     -1.0                         
31f7aeb9-cffd-4baa-bd3b-de65c16654b0 81                     62.200999717078695  0.6370487415387865  0.0                       50097.053849788455   0.0                    0.7442540513564297     0.0                        0.0                             0.0                               00000000-0000-0000-0000-000000000000 00000000-0000-0000-0000-000000000000 2                990000.0            e8361ff4-a493-4d07-bc21-b7749b5fb433 -1.0                   -1.0                     -1.0                         
662bd3a2-7c1b-4e47-b819-63628bb9a6e4 81                     34.76951022790545   0.2568656379801933  3.0302000000000002        50237.48343489097    0.0                    0.03146234116138352    0.0                        0.0                             0.0                               00000000-0000-0000-0000-000000000000 00000000-0000-0000-0000-000000000000 1                990000.0            c518be1a-c5b3-4c36-a393-f86a06eb0d0f -1.0                   -1.0                     -1.0                         
813be206-b133-4e09-bbd6-f051609fd3da 83                     34.51650886430311   0.12441629052929828 2.2213393607222067        50018.75572990688    0.0                    0.3334327102130316     0.0                        0.0                             0.0                               00000000-0000-0000-0000-000000000000 00000000-0000-0000-0000-000000000000 1                990000.0            ea04c3fb-7738-429b-86d1-9839127631be -1.0                   -1.0                     -1.0                         
aaa4a73e-962c-4e12-8d41-ea7d0b903309 88                     30.677328980160148  0.04481300622077306 0.8477400621647829        50155.52543722531    0.0                    0.6864999102771995     0.0                        0.0                             0.0                               00000000-0000-0000-0000-000000000000 00000000-0000-0000-0000-000000000000 1                990000.0            0f3536a9-c391-4df5-9fa9-3c13f1fa12ea -1.0                   -1.0                     -1.0                         
f04169a6-40c1-4014-8fdd-29a6300a1d89 95                     35.291524541824764  0.05229571396149076 1.211754084257537         50248.709328746954   0.0                    0.10417917630848376    0.0                        0.0                             0.0                               00000000-0000-0000-0000-000000000000 00000000-0000-0000-0000-000000000000 1                990000.0            69e39f1e-ef5d-4008-8a02-e57a6cb0b2ff -1.0                   -1.0                     -1.0                         
